 SI-SI-SI		1
      109.985226972111700
      109.454165275748500
      109.448506764264300
      109.485680035729100
      109.703077731560300
      108.190718579427900
      111.073651094793000
      110.124383874113100
      109.708389639780400
      109.324862291968200
      109.569287115361300
      111.137409153477200
      111.390389145930100
      112.161155174945000
      109.939192512988800
      109.407481275467200
      110.768654787039300
      110.699378982295500
      109.860638988568300
      110.394214896019200
      111.507278650246300
      110.125464079425500
      110.401129471579200
      110.322093892113900
      110.036216389288100
      109.470028949631300
      110.669122847121100
      109.905734708275900
      109.810292439269300
      109.904525973429300
      110.879536857460700
      108.890725967667200
      110.392911294662800
      109.255095437514700
      108.845345910312700
      112.561123018325900
      109.641892757121300
      109.568662763746500
      111.324584270252300
      109.658640057566800
      112.200289005082700
      109.654984268121100
      109.408237650906300
      111.027810372977400
      111.176806772169200
      110.289508989819400
      110.554159299062000
      111.294885057163100
      110.324862098372200
      110.664326387597000
      110.629067587997400
      109.843462373971000
      109.426678159896600
      112.398098490494200
      111.665866657225400
      111.191920436072900
      109.622801700421100
      110.037709081457600
      111.310098800983300
      110.432967053513700
      110.065460472085500
      111.541646909835600
      109.312623152933900
      110.196040275019000
      112.255506379758300
      110.850095700102600
      109.025412335911500
      109.301034618407700
      111.001461125515200
      110.997179581682100
      110.334214160702700
      109.917478753250300
      109.480762563861900
      109.509748400341800
      107.785505812873700
      110.802517577891300
      110.445457073297400
      110.015376364863300
      110.707406265176600
      110.700093739297400
      110.322687991940800
      109.355460164214300
      109.943520123291900
      108.464430452183500
      108.483262548580600
      110.281360334794700
      110.424357298643500
      110.296548812622100
      108.783249726634400
      109.078425060301800
 SI-SI-GE		2
      112.077560246306400
      111.958795494319400
      108.181494124034300
      112.361316150341100
      110.884882231776100
      107.092520910145400
      107.229968431295700
      108.514874983428200
      108.953958514807200
      108.261368416834800
      108.870122012393900
      108.358086410223300
      107.798539623221700
      110.573558030245500
      111.491186948769100
      105.516352882039200
      110.330727786206300
      110.863548829757000
      107.688283414453000
      109.450926745352100
      106.890254372510900
      107.942405007416800
      112.532345454451000
      112.380652008763900
      109.078488690448100
      109.433147294817200
      108.624784235227500
      111.305436340306900
      110.822796419264500
      109.173854832882900
      111.240825751735200
      106.788685738044300
      105.842923502711500
      111.238509486692300
      106.336170996807000
      106.414381703821600
      107.825973510458300
      111.150326008405500
      112.792651182384600
      111.694087100351500
      112.146060571423600
      112.314750290174600
      112.007115241411800
      110.834306696143600
      106.543583524966300
      108.081487840692800
      111.609232828440000
      111.358008260258500
      111.125133894458400
      111.218847435038900
      112.572023159151800
      110.436315705942100
      107.684577574444100
      112.272606395792200
      113.466819882321800
      110.300113718715300
      111.245354099652000
      110.661902761675000
      110.769201296994400
      106.862898432141000
      106.776453733052400
      106.762374312280400
      106.923889090400200
      107.995844702992800
      107.935528325479500
      113.139286134796700
      112.337518863776300
      107.711743579983400
      106.378107231710100
      112.635642530144400
      112.639262296770700
      106.334506814750300
      112.281251181083200
      108.771860892271300
      109.245433197253200
      110.583705394186800
      108.572684957067100
      109.410065429811700
      111.228810842896600
      113.072959414815400
      111.425734649691900
      112.948005779051900
      108.156555874871600
      109.098484647095400
      108.034649963361800
      111.174242229442100
      113.215581955799000
      112.878626452894000
      108.736129705199900
      106.932624887300100
      107.794504680485800
      107.046937090006100
      111.823748730855800
      111.353732080173700
      105.607909696702000
      110.705857275648000
      111.102891649599900
      110.219021025255400
      110.892033221570800
      107.043857409897000
      108.576553712339300
      111.622990076146500
      112.543035603753900
      110.858191308058600
      111.659686064610500
      107.346643934819300
      112.466066224822100
      108.979268314520100
      107.712422682277100
      113.746326175356700
      108.424661175607700
      109.151135118520600
      109.983461954978800
      113.159073055687000
      112.269682496002000
      112.370621352541300
      110.727221634017000
      110.624488402068300
      113.854297803135100
      112.367279333258800
      110.138650529235800
      111.942730304120000
      110.480471628096800
      110.189814577492400
      112.903876533237800
      112.151247614863600
      107.422493962051200
      112.624964620127400
      110.010749932523900
      107.396936944158500
      110.233223174358800
      109.315751081998700
      110.717013027905600
      112.211135003424000
      105.419237126912400
      106.849169884026800
      107.049582850692200
      110.113141061182700
      112.490233432906000
      107.630294010330800
      108.842904702204500
      109.347278342989300
      108.076333016444100
      106.884208904283500
      107.518126871810200
      107.019067209634700
      110.635350180376900
      112.136651747231100
      108.853062265949900
      110.472928485665200
      113.372395214670600
      112.909062482882400
      111.679949640689600
      110.308256521977900
      107.734198011354000
      106.536136565146400
      111.556542289286800
      109.139391572231200
      107.843132113453200
      112.322221930515200
      111.672922885175800
      111.057572699747900
      112.258138687017700
      106.748129566954100
      108.104304879964100
      108.808104620378900
      106.588828934406000
      111.296014836298100
      111.905474726751900
      109.007875504637300
      108.099301779125400
      106.702923421195200
      108.911258189972300
      107.978202991553200
      113.945850991944500
      111.972030785097200
      110.850413749101800
 SI-GE-SI		3
      111.166343337626200
      109.127723307261500
      108.849153300039200
      110.671698731057900
      108.788695984772100
      108.717629753898800
      109.609184370065300
      108.127523645783500
      109.083659093629900
      111.286761832139300
      108.797431315008800
      109.390739375615200
      108.855789400054800
      110.231207640168100
      110.168715857160900
      111.707889981083000
      110.618632519127000
      109.848397665947000
      111.012825498331900
      109.611546206825100
      111.093884505262000
      108.858510409972300
      108.219323203940700
      109.642663830079000
      108.549297958915900
      110.819006659767000
      110.599293583740400
      108.644691853901500
      108.860285504051600
      109.199708822871100
      108.996036167995800
      110.887431782304800
      107.715692075916200
      110.503645518490300
      110.093226482698200
      109.184602602399600
      109.083948410645100
      109.437369567564400
      110.086594436277300
      110.316893698858300
      109.824876601648800
      111.006809695493100
      109.807963374721300
      108.627174182290400
      109.684342887055600
      111.510125939200300
      111.377104463379200
      110.842134039536900
      109.340908674606000
      111.712748636988900
      109.921320064341300
      109.803913184199000
      108.846422722076900
      107.317057040568400
      110.643814464945000
      108.907103430015800
      111.998373431930100
      111.083800888855400
      109.529855154496700
      109.184620913198100
      111.060429875597000
      110.835555511771400
      111.581069812462900
      111.822042686141200
      110.479193975289100
      110.820466175143800
      109.333503206624400
      110.817609174079800
      111.671598166755200
      110.148852796767000
      108.195724056452600
      109.894737642203800
      109.641276786819700
      109.979422330737500
      110.267508865474500
      110.328890209369700
      111.276804381166600
      111.057663295036400
      108.345017654073600
      108.833008521257700
      109.806282954181000
      108.224754431489000
      108.483804337854900
      109.490651819830700
      110.112522700868100
      109.726008291792700
      111.020671093288700
      111.038873286768300
      109.167942162414800
      109.602748903657600
      109.724703882085000
      111.263811128113100
      108.973738069794100
      110.801853112270200
      110.088633010496800
      112.931320771220900
      112.818010610902700
 GE-SI-GE		4
      106.857083968985200
      108.531035416949500
      108.335486879490300
      108.073311290238600
      108.457704030595800
      108.580659060472500
      108.219574249409500
      108.436334327670100
      107.887848550659600
      107.960540338465500
      107.760829291772400
      107.896309439438300
      108.501382730548600
      108.601075500749100
      109.887286466773800
      107.668663272602700
      109.635449713400900
      108.686838279221400
      107.554674375193800
      107.384851253856400
      106.756468443882900
      106.976785399963400
      107.260873063813300
      108.438988038919100
      109.280759418068700
      109.041088590212400
      109.981072675118200
      110.096062692189800
      109.420392884725400
      108.463321996910900
      108.674639796930200
      109.345843271701500
      108.288320535992600
      107.762452532927700
      107.844870307226900
      109.047853196395600
      108.469626339497300
      107.612534336567300
      108.555573548196700
      107.494344481080100
      108.592642095439400
      107.886442990224100
      108.775333020967600
      109.187005201942800
      108.330250158334700
      108.291083770674400
      107.666890790563800
      109.025989104570500
      108.164780199675000
      107.542283999225400
      107.379745666288100
      107.736704196415800
      108.080690148641600
      108.160941128002100
      109.350252764188600
      110.280596976347400
      109.147218000339800
      109.397376400276600
      108.696032274526800
      109.832447946217000
      109.946403678081800
      108.951239638213300
      110.802436346287700
      108.275179683175700
      108.516510443289900
      108.558737375671200
      107.797121502645800
      107.119313808112100
      106.993188499618300
      109.661297642806800
      108.819451718927700
      109.858450050406400
      109.678577509030000
      109.333987775966000
      108.726619935607300
      109.409239246612500
      107.593066864421100
      107.949916779946200
      108.046742763552000
      106.896106750643000
      108.705717605129600
      110.170080832347400
      110.123675151023900
      108.728245074352800
      109.535476144502700
      107.050926771050600
      109.356445901760100
      108.465991012372300
      108.789918523156200
      107.799277779466400
      108.806235815419200
 SI-GE-GE		5
      107.871716131761400
      109.040219603910600
      108.917564701175500
      111.183595761264500
      110.416267169508600
      109.812333798062200
      109.991313845556500
      109.276111279338100
      107.543324914483600
      108.319257349280600
      106.730064115218300
      108.204701413658200
      109.419158842330100
      108.594000628715100
      107.892393667425600
      109.280695524276500
      110.626597824574400
      108.027084914305600
      107.157027044705400
      111.099155527404700
      110.856221937653400
      108.369647679476800
      110.171097488503200
      109.431902826570600
      107.872573277507800
      111.955179121662400
      110.122153652237800
      111.169565987692900
      107.824286698441500
      107.319177169492700
      109.033520202206700
      111.378760853636600
      108.013840749333800
      111.190571394414300
      111.523130064279900
      106.679533873145800
      111.526059805711000
      109.570749650599400
      110.290079369899600
      110.501054953913100
      109.243930929988700
      109.075457736568000
      110.222663388211800
      110.539382076237000
      107.773350892466900
      108.861299937375800
      110.605985940054300
      109.642718062368500
      109.328738283071000
      110.733971360332000
      108.143294001842200
      110.414270927411100
      110.572124524225800
      111.477740711355600
      110.052470925490300
      111.395890688863500
      111.260648218143300
      109.957268490417100
      110.742494022887100
      111.344986481626300
      110.103832733793000
      110.141957861334500
      107.495704533055500
      109.199775219180600
      108.240959818372300
      108.280734271536100
      110.263873905636800
      111.648152693111100
      106.856210881826400
      109.743484036009400
      108.072766166554000
      108.317647066807800
      108.649498556432300
      111.986422786658900
      111.466122021075400
      109.137072369547100
      108.119435885944400
      108.600481929565100
      107.584567339563200
      108.799436071859800
      108.455911405883300
      108.955891767932600
      108.632903409213800
      106.817769400056700
      109.494734332041800
      110.243017557774000
      110.782365020730800
      110.072447467153000
      109.681003957463400
      112.414259665856100
      109.406732224087600
      109.151797382748700
      110.005732644245600
      110.627694973427300
      109.595458948198600
      111.688157466202200
      109.713001954436700
      109.662845769133500
      108.279041855142000
      109.361960296097700
      108.358064205504700
      108.587198925318400
      110.062912473144300
      108.716338381746200
      108.487766206805700
      108.568118970507100
      112.118159191674600
      111.123429744773800
      111.239918426835600
      109.535176663704000
      109.927376351067300
      110.949037345583300
      110.601166234459500
      109.641727853054200
      109.118634110221300
      110.691309312237200
      109.957132962893100
      109.819251549406700
      109.824450450582800
      110.086562809876500
      107.928543946018400
      109.183343621555300
      110.682627602120700
      107.186295747751600
      108.778831803484300
      110.585351243705700
      109.107353893520000
      111.545610923530000
      110.861265391875500
      110.655132449248900
      109.559777393874500
      107.358703588800000
      108.903278720384500
      110.985178175349100
      110.284041636241500
      108.791593268719000
      108.982715818435700
      110.781106321264200
      107.865949296466500
      109.980105684330000
      108.815821830944400
      110.016602149960300
      109.732706040620300
      109.222344104107900
      110.979060388082100
      108.985036262478400
      110.202601351691300
      110.070116872712600
      109.229223806827300
 GE-GE-GE		6
      108.894073282049300
      108.873887914136700
      108.346487340273800
      108.787326814011300
      109.556775546814200
      108.798384366128600
      109.128446332529500
      109.159070118957100
      110.217539871365600
      109.007997120403100
      109.362107607713700
      108.780235572384100
      109.016266206118100
      109.712901047091200
      108.600790819055500
      108.005762085800500
      108.946752057237400
      108.610895880027300
      108.011956599315100
      108.610912899118100
      108.336922905826300
      108.467178295143500
      107.309888845622400
      107.820103783469500
      108.785782965273300
      109.804380375001900
      108.960268873756300
      108.838541232229900
      108.369820924425700
      108.063036597860500
      107.993682436970500
      108.412705757986200
      107.401738294385600
      108.686045908260600
      108.634120449120300
      107.817355124171700
      107.643412782108500
      108.662572609626100
      108.768226511483400
      108.569059671843700
      108.490020430154100
      107.484867359111100
      108.338330954731400
      107.527500676528600
      108.629839210338500
      108.858809704666700
      106.898112806485700
      107.458096506294500
      108.519338017031000
      108.776794131293600
      108.703457541274800
      108.916129018673200
      108.460005697746600
      108.281429967833000
      109.277169059334500
      109.420302395383000
 average SI-SI-SI      110.198108156065800
 average SI-SI-GE      109.893974804542400
 average SI-GE-SI      109.970111663619100
 average GE-SI-GE      108.524385664211800
 average SI-GE-GE      109.570572440009800
 average GE-GE-GE      108.568100308963900
 Dispersion SI-SI-SI   8.744007735123074E-001
 Dispersion SI-SI-GE        4.754853552230131
 Dispersion SI-GE-SI        1.256387074469171
 Dispersion GE-SI-GE   7.968424128076083E-001
 Dispersion SI-GE-GE        1.627793250885529
 Dispersion GE-GE-GE   4.161032316584454E-001
