 BOND SI-SI
   2.368043379862504E-001
   2.366256506371565E-001
   2.368043379862504E-001
   2.366980620628446E-001
   2.372196126388751E-001
   2.371605664653145E-001
   2.366256506371565E-001
   2.360520601906443E-001
   2.360096496695567E-001
   2.348211957026100E-001
   2.354163954436257E-001
   2.366980620628446E-001
   2.365142340036958E-001
   2.373681060735450E-001
   2.372196126388751E-001
   2.362913344950624E-001
   2.349994069287090E-001
   2.353966363630547E-001
   2.355003299223202E-001
   2.371605664653145E-001
   2.361037610928877E-001
   2.369044562332250E-001
   2.360520601906443E-001
   2.365973079717743E-001
   2.364782956194571E-001
   2.360096496695567E-001
   2.362797870331320E-001
   2.358725165505379E-001
   2.342321229707030E-001
   2.349994069287090E-001
   2.342321229707030E-001
   2.354163954436257E-001
   2.353481995186166E-001
   2.363701082601782E-001
   2.348211957026100E-001
   2.350693787456268E-001
   2.350141945324206E-001
   2.365142340036958E-001
   2.353655308543752E-001
   2.349395404473234E-001
   2.350028602380654E-001
   2.362913344950624E-001
   2.353966363630547E-001
   2.368371062364521E-001
   2.355003299223202E-001
   2.353132874416969E-001
   2.357935804258499E-001
   2.357422368729171E-001
   2.355420973800117E-001
   2.353481995186166E-001
   2.347753624098163E-001
   2.361037610928877E-001
   2.345771226188202E-001
   2.369044562332250E-001
   2.365973079717743E-001
   2.361363529515821E-001
   2.373681060735450E-001
   2.362797870331320E-001
   2.366712736615379E-001
   2.358725165505379E-001
   2.345301902110273E-001
   2.350693787456268E-001
   2.369063328419229E-001
   2.351496526000103E-001
   2.363701082601782E-001
   2.372314040219082E-001
   2.358167813995010E-001
   2.364782956194571E-001
   2.354966857987925E-001
   2.354966857987925E-001
   2.365549444940421E-001
   2.350141945324206E-001
   2.350741364594886E-001
   2.344382910532038E-001
   2.354855793236896E-001
   2.353655308543752E-001
   2.345771226188202E-001
   2.349395404473234E-001
   2.350028602380654E-001
   2.366712736615379E-001
   2.368371062364521E-001
   2.357422368729171E-001
   2.353132874416969E-001
   2.357935804258499E-001
   2.355420973800117E-001
   2.353458556667936E-001
   2.353458556667936E-001
   2.361363529515821E-001
   2.347753624098163E-001
   2.369063328419229E-001
   2.372314040219082E-001
   2.358167813995010E-001
   2.365549444940421E-001
   2.376702739751039E-001
   2.359124835905961E-001
   2.376702739751039E-001
   2.359124835905961E-001
   2.350741364594886E-001
   2.344382910532038E-001
   2.345301902110273E-001
   2.351496526000103E-001
   2.354855793236896E-001
 BOND SI-GE
   2.424806858340909E-001
   2.430722444762643E-001
   2.424806858340909E-001
   2.404343021486594E-001
   2.399235538683742E-001
   2.418933047895913E-001
   2.430722444762643E-001
   2.418895669555380E-001
   2.422682480674394E-001
   2.411224378976871E-001
   2.404343021486594E-001
   2.412134112746841E-001
   2.400169984595570E-001
   2.418933047895913E-001
   2.418895669555380E-001
   2.408666854425345E-001
   2.409329403386037E-001
   2.424764806384120E-001
   2.415313993974912E-001
   2.410404866998882E-001
   2.422682480674394E-001
   2.425442518408120E-001
   2.411224378976871E-001
   2.409327911575323E-001
   2.401958244761273E-001
   2.421527732265624E-001
   2.419389069835065E-001
   2.423433530586419E-001
   2.399235538683742E-001
   2.394452422161198E-001
   2.399026385651134E-001
   2.409327911575323E-001
   2.423433530586419E-001
   2.396071184838425E-001
   2.408666854425345E-001
   2.387644602782710E-001
   2.403724457006492E-001
   2.416756786377687E-001
   2.410594299201999E-001
   2.412134112746841E-001
   2.409329403386037E-001
   2.415771730980736E-001
   2.426425811394468E-001
   2.419389069835065E-001
   2.397230925350596E-001
   2.400169984595570E-001
   2.392009980060289E-001
   2.402549285434552E-001
   2.424080911730879E-001
   2.409910784145640E-001
   2.416491613771028E-001
   2.402657562329440E-001
   2.423465540302362E-001
   2.396971075015117E-001
   2.399638022189922E-001
   2.402759696979015E-001
   2.396971075015117E-001
   2.401540197429398E-001
   2.415313993974912E-001
   2.392012397353276E-001
   2.420746473431246E-001
   2.424764806384120E-001
   2.401958244761273E-001
   2.422547498344585E-001
   2.426425811394468E-001
   2.422547498344585E-001
   2.394476305759038E-001
   2.414733491997712E-001
   2.407493801926770E-001
   2.416756786377687E-001
   2.414733491997712E-001
   2.410184646389875E-001
   2.424103510091117E-001
   2.425442518408120E-001
   2.429849043893116E-001
   2.430765478843709E-001
   2.436318606016196E-001
   2.429849043893116E-001
   2.410843428922819E-001
   2.409157741344807E-001
   2.413118819376256E-001
   2.414410767617731E-001
   2.418784902650642E-001
   2.401941932357070E-001
   2.400973829519347E-001
   2.412774179911238E-001
   2.401941932357070E-001
   2.412250755324904E-001
   2.421527732265624E-001
   2.386563040342064E-001
   2.410404866998882E-001
   2.394452422161198E-001
   2.396071184838425E-001
   2.387644602782710E-001
   2.386716053886820E-001
   2.385281708833856E-001
   2.403724457006492E-001
   2.409910784145640E-001
   2.405337397157773E-001
   2.399026385651134E-001
   2.394485578260271E-001
   2.394485578260271E-001
   2.400496022849194E-001
   2.404026773551158E-001
   2.410594299201999E-001
   2.411203448294951E-001
   2.415771730980736E-001
   2.416491613771028E-001
   2.436516813084562E-001
   2.387219071640690E-001
   2.405820081939481E-001
   2.384034373033512E-001
   2.401117363417564E-001
   2.413711787860533E-001
   2.414321407987743E-001
   2.402549285434552E-001
   2.418819152272775E-001
   2.399512313890222E-001
   2.399512313890222E-001
   2.416424367601993E-001
   2.397230925350596E-001
   2.392009980060289E-001
   2.406845768363165E-001
   2.407007426461385E-001
   2.402285815298997E-001
   2.409550162657687E-001
   2.408521778262640E-001
   2.424080911730879E-001
   2.422900507125220E-001
   2.408922728075653E-001
   2.414897465779948E-001
   2.402657562329440E-001
   2.404419194491106E-001
   2.405299489397993E-001
   2.409157741344807E-001
   2.392012397353276E-001
   2.423465540302362E-001
   2.399638022189922E-001
   2.402759696979015E-001
   2.407493801926770E-001
   2.420746473431246E-001
   2.430765478843709E-001
   2.416394780739626E-001
   2.416394780739626E-001
   2.410184646389875E-001
   2.436318606016196E-001
   2.410843428922819E-001
   2.394476305759038E-001
   2.379936932013547E-001
   2.379936932013547E-001
   2.413118819376256E-001
   2.386563040342064E-001
   2.387219071640690E-001
   2.405820081939481E-001
   2.414410767617731E-001
   2.418784902650642E-001
   2.400973829519347E-001
   2.413711787860533E-001
   2.401540197429398E-001
   2.413686811372014E-001
   2.412774179911238E-001
   2.413686811372014E-001
   2.386716053886820E-001
   2.385281708833856E-001
   2.424103510091117E-001
   2.399793277222731E-001
   2.399793277222731E-001
   2.400496022849194E-001
   2.411203448294951E-001
   2.405337397157773E-001
   2.436516813084562E-001
   2.384034373033512E-001
   2.387807161645950E-001
   2.414321407987743E-001
   2.387807161645950E-001
   2.412250755324904E-001
   2.401117363417564E-001
   2.395106543746559E-001
   2.395106543746559E-001
   2.418819152272775E-001
   2.406845768363165E-001
   2.407007426461385E-001
   2.409550162657687E-001
   2.408521778262640E-001
   2.416424367601993E-001
   2.397932715149745E-001
   2.404026773551158E-001
   2.388959556136514E-001
   2.397932715149745E-001
   2.388959556136514E-001
   2.422900507125220E-001
   2.402285815298997E-001
   2.408922728075653E-001
   2.414897465779948E-001
   2.404419194491106E-001
   2.405299489397993E-001
 BOND GE-GE
   2.427277546597897E-001
   2.440720334772905E-001
   2.436496054193747E-001
   2.427045854016778E-001
   2.427277546597897E-001
   2.421497918856316E-001
   2.423401360553805E-001
   2.414968080064869E-001
   2.446223211444892E-001
   2.440720334772905E-001
   2.438603417885910E-001
   2.421497918856316E-001
   2.437300096850279E-001
   2.436496054193747E-001
   2.440614228399317E-001
   2.427045854016778E-001
   2.428066368264951E-001
   2.434585966014459E-001
   2.449800933569223E-001
   2.446223211444892E-001
   2.442227458240484E-001
   2.436750666942298E-001
   2.435417845621539E-001
   2.439066528298209E-001
   2.438197431595555E-001
   2.446962525302655E-001
   2.428066368264951E-001
   2.439682117498255E-001
   2.423401360553805E-001
   2.430315591922100E-001
   2.430229590207177E-001
   2.436600145675847E-001
   2.431990431068181E-001
   2.430356707300234E-001
   2.438603417885910E-001
   2.439553002324344E-001
   2.432648518743372E-001
   2.428729908898077E-001
   2.437300096850279E-001
   2.432648518743372E-001
   2.414968080064869E-001
   2.426088931103893E-001
   2.433772634984930E-001
   2.440614228399317E-001
   2.449800933569223E-001
   2.434585966014459E-001
   2.431841483704148E-001
   2.436750666942298E-001
   2.439066528298209E-001
   2.435417845621539E-001
   2.430229590207177E-001
   2.438197431595555E-001
   2.442227458240484E-001
   2.429547587325779E-001
   2.429547587325779E-001
   2.430315591922100E-001
   2.436600145675847E-001
   2.431990431068181E-001
   2.426088931103893E-001
   2.439682117498255E-001
   2.446962525302655E-001
   2.430356707300234E-001
   2.439553002324344E-001
   2.428729908898077E-001
   2.433772634984930E-001
   2.431841483704148E-001
