 BOND SI-SI
       -4.475772420358140
       -4.402630979741955
       -4.550071990290423
       -4.474865184719310
       -4.550566723219963
       -4.477630654093517
       -4.478582492020627
       -4.327894083975984
       -4.328039921291650
       -4.476571955266655
       -4.474507362067304
       -4.400330815484180
       -4.329001811079547
       -4.402428536921708
       -4.327262528972797
       -4.401106860883242
       -4.475258169029027
       -4.475463540518767
       -4.401241358305109
       -4.476159304413694
       -4.326456635588731
       -4.251929861577047
       -4.402910861385487
       -4.477867965851917
       -4.326632333429871
       -4.403512995570980
       -4.402689635068807
       -4.325497129079000
       -4.325518777366068
       -4.475949801493927
       -4.403386758636954
       -4.402133240628960
       -4.401377824537622
       -4.402118020667638
       -4.327039326451617
       -4.326729807755853
       -4.400674337195083
       -4.475293349211358
       -4.251466448509799
       -4.474800501911201
       -4.251284438104377
       -4.549722750387267
       -4.325990243081133
       -4.325822011584021
       -4.400712955208002
       -4.328313378936605
       -4.251347173487095
       -4.401340960662023
       -4.325798721463025
       -4.400914376287259
       -4.476194814087352
       -4.327873728072808
       -4.401117474215149
       -4.402240800474464
       -4.401576876527308
       -4.326172385700286
       -4.476397031920121
       -4.551509969983930
       -4.250822930469342
       -4.325773230690075
       -4.402449767778812
       -4.251063441675398
       -4.401586157364973
       -4.549312476834192
       -4.622091179392292
       -4.550237645274600
       -4.476015051652524
       -4.476767480573221
       -4.328091640943387
       -4.475493202665519
       -4.476454321210612
       -4.326248786774850
       -4.327686720457745
       -4.327604698298201
       -4.327011380589909
       -4.402997918028240
       -4.327376689445444
       -4.252396441176636
       -4.625038314768927
       -4.402154772719243
       -4.477843778745578
       -4.475959230983925
       -4.475748251244960
       -4.324983094856908
       -4.326376510463557
       -4.401970622316456
       -4.325155128053202
       -4.401985277654847
       -4.476351930938176
       -4.477886377234754
       -4.475690709650927
       -4.327846043316164
       -4.402261285306956
       -4.475712930233286
       -4.402359500047831
       -4.401824197538004
       -4.402681048090471
       -4.477182331228064
       -4.475884314002341
       -4.476674040709076
       -4.476991760820900
       -4.400746636308958
       -4.327570976645800
       -4.474838318234697
       -4.326845002522513
       -4.250737253970152
       -4.474084704624582
       -4.326038835161960
       -4.327851287146327
       -4.324641876750333
 BOND SI-GE
       -4.303506435277080
       -4.375049381150511
       -4.228422864429797
       -4.227624971573277
       -4.235542956041979
       -4.300549427241354
       -4.376239866949209
       -4.299585888088673
       -4.228548388450961
       -4.159994124072279
       -4.233397786538848
       -4.229132005389086
       -4.305816176147131
       -4.231634235017549
       -4.232671659106972
       -4.373311746244720
       -4.230346700825462
       -4.156053113153011
       -4.306543376940084
       -4.306241254659083
       -4.381761706165972
       -4.157697431041999
       -4.158570294877693
       -4.151794112171306
       -4.153881658732011
       -4.232792497799341
       -4.377609979583305
       -4.233485692229809
       -4.304037801473288
       -4.380548328134074
       -4.154810715605724
       -4.158646830217764
       -4.159270276184451
       -4.451767923776396
       -4.230852148795300
       -4.306363233619009
       -4.229956556993197
       -4.306155853139822
       -4.158642412153006
       -4.157354392346099
       -4.227660447471418
       -4.159107546914672
       -4.155766214401007
       -4.306136691337189
       -4.380734474967902
       -4.150571610551671
       -4.376464728469161
       -4.158079363152065
       -4.301057071799056
       -4.376677776006967
       -4.372492246630703
       -4.372781997048342
       -4.447035228649709
       -4.231105004607486
       -4.230182189440781
       -4.232051237980225
       -4.305961746798861
       -4.305705672766678
       -4.156729534716884
       -4.228021662045649
       -4.300227182643360
       -4.233886874282974
       -4.077534895150553
       -4.079546552141141
       -4.080492000332344
       -4.300776216685271
       -4.158106437188100
       -4.157092266417433
       -4.231530420865208
       -4.232342707215896
       -4.451209549985046
       -4.078770632715029
       -4.233195282670615
       -4.078938704371611
       -4.157417715638444
       -4.303758222689138
       -4.307116534817432
       -4.302156884526108
       -4.159336331185410
       -4.305748961336793
       -4.226145692193835
       -4.234802135715906
       -4.159749149239818
       -4.232394024463194
       -4.231912047009590
       -4.376088919469741
       -4.300790951089109
       -4.299668864882463
       -4.154173856742810
       -4.153976264561983
       -4.084145460940528
       -4.229206957475501
       -4.229271884742935
       -4.304953986764611
       -4.304909841092158
       -4.233257102907142
       -4.227782262369786
       -4.083181557353678
       -4.153984138587361
       -4.306435168861829
       -4.157021842838278
       -4.304315425423146
       -4.227718459335177
       -4.231997798383151
       -4.231324234503977
       -4.232111631684667
       -4.304817017289427
       -4.229730828055765
       -4.304987505361151
       -4.231842186468850
       -4.232661061230266
       -4.158719640322477
       -4.157739592362502
       -4.230022330644903
       -4.006202256367779
       -4.077846509196227
       -4.150245668257708
       -4.232849081974976
       -4.078208277462625
       -4.079037842752628
       -4.306997021945077
       -4.303904723704037
       -4.300620414384699
       -4.082379048693223
       -4.375550878544224
       -4.376863857911863
       -4.157887576278667
       -4.158608346981877
       -4.234002323288579
       -4.158840022927422
       -4.160109421997849
       -4.157621907781715
       -4.233149515132839
       -4.300213400213020
       -4.300694436940387
       -4.157837847990127
       -4.228344663069327
       -4.227055140163373
       -4.082796837745146
       -4.152446284175612
       -4.004496012468301
       -4.080039176063426
       -4.231487310305350
       -4.304793624156090
       -4.233736324869369
       -4.158080894288270
       -4.155567109887038
       -4.158669651847581
       -4.233294703497370
       -4.375455022942762
       -4.303209608741310
       -4.233465718194237
       -4.233434295901209
       -4.151626267670419
       -4.380912888100709
       -4.154288389339943
       -4.155073935680615
       -4.080327782988899
       -4.077577712880201
       -4.231338985792301
       -4.299677666889849
       -4.156631707270997
       -4.156378382101654
       -4.230570450234234
       -4.230528128698884
       -4.380063237432026
       -4.380755860821448
       -4.158762702635775
       -4.230637924007590
       -4.158568413533610
       -4.231826004452449
       -4.235440762193628
       -4.154152228732052
       -4.228175668440172
       -4.374889976224358
       -4.233068019720200
       -4.306993607198647
       -4.304471364612835
       -4.158017992688717
       -4.233586152852253
       -4.157721711684423
       -4.449160048470304
       -4.304707310373241
       -4.304552039727764
       -4.233004514771027
       -4.303503389749520
       -4.232851634457571
       -4.153984744339212
       -4.230970870888086
       -4.157024173143594
       -4.234023373410633
       -4.303534786311912
       -4.307138070209579
       -4.233691711111781
       -4.083338758583653
       -4.080973846475210
       -4.158588630659650
       -4.153907085564352
       -4.156365570783129
       -4.158728113514012
       -4.307210875775128
       -4.227524929252352
       -4.155914354958890
       -4.154652794717155
       -4.306742671621780
       -4.231938286475616
       -4.231887971140766
       -4.305033739800221
       -4.232087109724530
       -4.082735922672653
       -4.157501806880617
       -4.231667049431648
 BOND GE-GE
       -4.061790127747390
       -4.140809716748030
       -4.067989671219586
       -3.992601924854001
       -3.989525272777831
       -3.990032766548572
       -3.917084682908007
       -4.214019385750573
       -4.209306326247203
       -4.138608851367405
       -4.142826162023399
       -4.065914359960802
       -4.065030304405102
       -4.213705858547803
       -4.138532801324713
       -4.136411102075741
       -4.062851234001065
       -4.138437778271216
       -4.136415246429028
       -4.212516534981606
       -4.139787045263960
       -4.063231337265862
       -4.064992183731162
       -4.065061157933402
       -4.066654792472304
       -4.067682058874833
       -4.139111954759787
       -4.140352082702622
       -4.065941156422214
       -3.991004024328506
       -4.066831440147407
       -4.064803399432901
       -3.986067062957976
       -4.062568131512393
       -4.135233079590942
       -4.139356139930891
       -4.137793113736638
       -3.912865837788313
       -3.986922247477746
       -3.913969363428987
       -3.990420106689929
       -4.064855453823228
       -3.985705813467678
       -4.064373117172181
       -4.137909713982911
       -4.137795379436483
       -3.916608841298306
       -4.138161136349138
       -4.212525230876006
       -4.138337733804364
       -4.064603436944252
       -4.136622095048187
       -3.913679694726215
       -4.066118169798370
       -4.065043327498959
       -3.989890286054576
       -3.992237117997906
       -4.067005953346535
       -4.139190699152493
       -4.139665236921816
       -3.915977639532202
       -4.212735098410668
       -4.141282471390046
       -4.211044299647332
       -4.063124040160338
       -4.065536905574995
       -4.137310341123863
       -4.211916077534293
       -4.135674477365899
       -4.134912497404569
       -4.136839703755497
       -3.986206370178410
       -3.990660233537938
       -4.137115531109433
       -3.991027876480799
       -4.211953814183602
       -4.137482097781732
       -4.066145886532819
       -3.991609242863516
       -4.137830786651394
       -4.067741582115056
       -3.991795025270138
       -3.837938278449865
       -3.987839426021450
       -3.988709204667842
       -4.062129149441537
       -4.068424556360749
       -4.065473478917527
       -4.136095964453086
       -3.837579635544853
       -4.062492466307157
       -3.989305835264116
       -3.913438385894993
       -4.139321028038610
       -3.914198881264118
       -3.987707548759921
       -3.839199013714590
       -4.136689328343874
       -4.063903150032157
       -4.064858667654261
       -3.913678125180439
       -4.210168640786548
       -3.915945873909299
       -3.914618076410774
       -3.987061630028416
       -4.137360033719103
       -4.139325883673557
       -4.140777740650306
       -4.062761847456908
       -3.987394336964520
