           1   9.495511775212776E-001
           2   9.474571303581578E-001
           3   9.435389863361198E-001
           4   9.430703887296522E-001
           5   9.411914547367695E-001
           6   9.406424837375987E-001
           7   9.403586095396277E-001
           8   9.400417506571570E-001
           9   9.391134056329826E-001
          10   9.388782412732928E-001
          11   9.375678596850057E-001
          12   9.367731816471364E-001
          13   9.363226377734326E-001
          14   9.351275023794688E-001
          15   9.344843832350576E-001
          16   9.339569377168964E-001
          17   9.335510539470310E-001
          18   9.325710869677597E-001
          19   9.316112450811448E-001
          20   9.308791389286808E-001
          21   9.303086094761931E-001
          22   9.295474697269073E-001
          23   9.289805108368099E-001
          24   9.278052817586665E-001
          25   9.265925459684774E-001
          26   9.264828199548920E-001
          27   9.252609973423914E-001
          28   9.252609973423914E-001
          29   9.244464337738640E-001
          30   9.236635395004972E-001
          31   9.228572235618914E-001
          32   9.219459130676603E-001
          33   9.218882133689390E-001
          34   9.215724783964869E-001
          35   9.209426986241766E-001
          36   9.205330618545269E-001
          37   9.184438733846096E-001
          38   9.174751356765672E-001
          39   9.169926365909600E-001
          40   9.168765794718859E-001
          41   9.158452795663082E-001
          42   9.149217915431294E-001
          43   9.123662629969624E-001
          44   9.119136806840548E-001
          45   9.106583873546715E-001
          46   9.098626094792458E-001
          47   9.066675210050649E-001
          48   9.056482205603280E-001
          49   9.049536128064452E-001
          50   9.030732367494012E-001
          51   8.989237900422512E-001
          52   8.956622152748314E-001
          53   8.920819584545896E-001
          54   8.909131240984290E-001
          55   8.884143953116414E-001
          56   8.875907241150746E-001
          57   8.861776060105667E-001
          58   8.851123798144746E-001
          59   8.836987028710287E-001
          60   8.788392860434453E-001
          61   8.784666018499681E-001
          62   8.766058076085379E-001
          63   8.760206002949579E-001
          64   8.746655837414773E-001
          65   8.726548404361459E-001
          66   8.712912336148670E-001
          67   8.673114212169329E-001
          68   8.670708557190615E-001
          69   8.650514945103556E-001
          70   8.633951966888271E-001
          71   8.607219364655954E-001
          72   8.594641372337419E-001
          73   8.555107097411132E-001
          74   8.547475658831077E-001
          75   8.518729630864443E-001
          76   8.499073404834640E-001
          77   8.472958866425585E-001
          78   8.456192412660296E-001
          79   8.404114836081044E-001
          80   8.381029753871739E-001
          81   8.367004650080648E-001
          82   8.344441933713472E-001
          83   8.305404903684877E-001
          84   8.281391171922744E-001
          85   8.250043435622706E-001
          86   8.245693455725225E-001
          87   8.228440700651823E-001
          88   8.201138459167519E-001
          89   8.178879256731924E-001
          90   8.149152893204128E-001
          91   8.138992912666579E-001
          92   8.102768139712901E-001
          93   8.085359585424747E-001
          94   8.078272130647333E-001
          95   8.058953495246781E-001
          96   8.035469875271455E-001
          97   8.026422194034666E-001
          98   8.003802856723497E-001
          99   7.959390467862419E-001
         100   7.920937965125812E-001
         101   7.900074545745155E-001
         102   7.879752126556298E-001
         103   7.828638426057468E-001
         104   7.782449537996949E-001
         105   7.774849471746892E-001
         106   7.746866148117854E-001
         107   7.742157565515119E-001
         108   7.742157565515119E-001
         109   7.738643685643462E-001
         110   7.732774338776489E-001
         111   7.717647392654568E-001
         112   7.709455034649518E-001
         113   7.694290647293646E-001
         114   7.687736125846308E-001
         115   7.678806334282604E-001
         116   7.678806334282604E-001
         117   7.678219384869106E-001
         118   7.670409749539715E-001
         119   7.654002569031688E-001
         120   7.648786183642025E-001
         121   7.648786183642025E-001
         122   7.644869352176021E-001
         123   7.634915845449656E-001
         124   7.633420613479971E-001
         125   7.624547420349418E-001
         126   7.615973254223812E-001
         127   7.615973254223812E-001
         128   7.608508430644333E-001
         129   7.607107429431269E-001
         130   7.600098549461121E-001
         131   7.588508166694022E-001
         132   7.584089041544134E-001
         133   7.584089041544134E-001
         134   7.579127985846309E-001
         135   7.579127985846309E-001
         136   7.567070784438346E-001
         137   7.565638326228853E-001
         138   7.558728619385359E-001
         139   7.554463645784717E-001
         140   7.554463645784717E-001
         141   7.537785072507224E-001
         142   7.528923521182064E-001
         143   7.528923521182064E-001
         144   7.516960836675274E-001
         145   7.516960836675274E-001
         146   7.511577794855048E-001
         147   7.503500674933920E-001
         148   7.499896722052923E-001
         149   7.490960699845918E-001
         150   7.490960699845918E-001
         151   7.479702267252086E-001
         152   7.477774458520357E-001
         153   7.465613071275589E-001
         154   7.461996471382664E-001
         155   7.456372776715047E-001
         156   7.450255020729697E-001
         157   7.443966808996340E-001
         158   7.439685173971187E-001
         159   7.438504863812940E-001
         160   7.433401258854371E-001
         161   7.423391832678332E-001
         162   7.418163370908230E-001
         163   7.409190246013413E-001
         164   7.408574725671692E-001
         165   7.403728847659797E-001
         166   7.399821744393356E-001
         167   7.394222246744179E-001
         168   7.389546162568762E-001
         169   7.385836357847445E-001
         170   7.377154344284549E-001
         171   7.372359128472023E-001
         172   7.369805083955017E-001
         173   7.363271001796730E-001
         174   7.363271001796730E-001
         175   7.354434665674583E-001
         176   7.350814235868182E-001
         177   7.347492028136411E-001
         178   7.326093523588494E-001
         179   7.320761391976556E-001
         180   7.313827153652630E-001
         181   7.309123869660076E-001
         182   7.303027131649261E-001
         183   7.299746726228993E-001
         184   7.288120011708849E-001
         185   7.288120011708849E-001
         186   7.273974748274521E-001
         187   7.268334387642405E-001
         188   7.255794070005478E-001
         189   7.255794070005478E-001
         190   7.250920922515637E-001
         191   7.236766663583903E-001
         192   7.229114065168180E-001
         193   7.220348739036598E-001
         194   7.211288931748809E-001
         195   7.200913378922190E-001
         196   7.187937447031846E-001
         197   7.163152714907368E-001
         198   7.152537920429559E-001
         199   7.152537920429559E-001
         200   7.143177996628577E-001
         201   7.128576728199206E-001
         202   7.124476507041779E-001
         203   7.109514933564416E-001
         204   7.104948654152480E-001
         205   7.084619352807693E-001
         206   7.072722876094979E-001
         207   7.060761359928350E-001
         208   7.029632556020917E-001
         209   7.021437090607792E-001
         210   7.011012766659331E-001
         211   6.990451715557030E-001
         212   6.980590526916081E-001
         213   6.962345983099422E-001
         214   6.943520655907322E-001
         215   6.911188993227191E-001
         216   6.891474531098326E-001
         217   6.865857579130128E-001
         218   6.849370523584295E-001
         219   6.762026740136877E-001
         220   6.489458220293418E-001
         221   6.432413548498035E-001
         222   6.400753298672680E-001
         223   6.380415052073021E-001
         224   6.373150079515697E-001
         225   6.329809775686480E-001
         226   6.316573528378812E-001
         227   6.285490127309272E-001
         228   6.271036919446721E-001
         229   6.218833576314855E-001
         230   6.202633594614858E-001
         231   6.188960922248976E-001
         232   6.133363165696779E-001
         233   6.113214286629843E-001
         234   6.080829122532715E-001
         235   6.071829304247192E-001
         236   6.026102128781128E-001
         237   6.005095261634936E-001
         238   5.973885921615396E-001
         239   5.952482951500563E-001
         240   5.945347190411583E-001
         241   5.942808134299682E-001
         242   5.938068388495129E-001
         243   5.917804736979211E-001
         244   5.885690737643158E-001
         245   5.868869900475038E-001
         246   5.859000154199996E-001
         247   5.845771606559216E-001
         248   5.843919645071831E-001
         249   5.827538387986742E-001
         250   5.817383940754909E-001
         251   5.812272250368195E-001
         252   5.806481356955184E-001
         253   5.785516315994355E-001
         254   5.778666516999079E-001
         255   5.768891001197686E-001
         256   5.763892153398297E-001
         257   5.763892153398297E-001
         258   5.739236031382577E-001
         259   5.735832066815125E-001
         260   5.728954762515934E-001
         261   5.721415413624869E-001
         262   5.713514778177695E-001
         263   5.704481058999770E-001
         264   5.698344790947230E-001
         265   5.689849829008395E-001
         266   5.687393954365231E-001
         267   5.675051822539313E-001
         268   5.670691433209237E-001
         269   5.654975291266419E-001
         270   5.653934349358428E-001
         271   5.647783734519528E-001
         272   5.630032451614027E-001
         273   5.625072396689100E-001
         274   5.625072396689100E-001
         275   5.609347230481865E-001
         276   5.609347230481865E-001
         277   5.600014944921751E-001
         278   5.584747594110873E-001
         279   5.580478118336530E-001
         280   5.580478118336530E-001
         281   5.567227364603525E-001
         282   5.560974530218471E-001
         283   5.551535101203177E-001
         284   5.547404782436234E-001
         285   5.526292520584129E-001
         286   5.523729571643368E-001
         287   5.514635031751359E-001
         288   5.500340942332389E-001
         289   5.500340942332389E-001
         290   5.470398907395772E-001
         291   5.462463594045010E-001
         292   5.455198120898682E-001
         293   5.439361762760125E-001
         294   5.439361762760125E-001
         295   5.428935705050333E-001
         296   5.415267167997153E-001
         297   5.415267167997153E-001
         298   5.381844900244770E-001
         299   5.377098523300152E-001
         300   5.370326189512634E-001
         301   5.351853774479339E-001
         302   5.347882836313243E-001
         303   5.320262493932857E-001
         304   5.320262493932857E-001
         305   5.300324429479175E-001
         306   5.283236389492254E-001
         307   5.274002752406060E-001
         308   5.258512009558028E-001
         309   5.258512009558028E-001
         310   5.231114197514717E-001
         311   5.217021159107702E-001
         312   5.196628032892350E-001
         313   5.196628032892350E-001
         314   5.163378608485282E-001
         315   5.160287557449408E-001
         316   5.140727444777736E-001
         317   5.121750845202653E-001
         318   5.100469194233003E-001
         319   5.080136728512763E-001
         320   5.080136728512763E-001
         321   5.074382142983643E-001
         322   5.047063265769909E-001
         323   5.030943930069510E-001
         324   4.999228735093136E-001
         325   4.988152191083790E-001
         326   4.978985687626028E-001
         327   4.978985687626028E-001
         328   4.961417386397309E-001
         329   4.961417386397309E-001
         330   4.946334350605830E-001
         331   4.927279542082576E-001
         332   4.917626257734185E-001
         333   4.907192318508504E-001
         334   4.885470392657605E-001
         335   4.861410620149446E-001
         336   4.854906614254212E-001
         337   4.839850941304554E-001
         338   4.821747881882387E-001
         339   4.812010265243456E-001
         340   4.802170498917088E-001
         341   4.766118022686853E-001
         342   4.726128221068001E-001
         343   4.715451516750789E-001
         344   4.698979944428969E-001
         345   4.671910417030245E-001
         346   4.650312866231642E-001
         347   4.630198132264067E-001
         348   4.619715245201065E-001
         349   4.613707235077850E-001
         350   4.580941682000042E-001
         351   4.563362916941234E-001
         352   4.542653705634707E-001
         353   4.525494228041304E-001
         354   4.505773405077784E-001
         355   4.505773405077784E-001
         356   4.491328215088676E-001
         357   4.477020735642937E-001
         358   4.448024375498348E-001
         359   4.448024375498348E-001
         360   4.447683193258916E-001
         361   4.425821092086845E-001
         362   4.425821092086845E-001
         363   4.397186139910466E-001
         364   4.374348216394578E-001
         365   4.357449768130655E-001
         366   4.357449768130655E-001
         367   4.329095974303533E-001
         368   4.329095974303533E-001
         369   4.305357716343130E-001
         370   4.305357716343130E-001
         371   4.292522324156089E-001
         372   4.272323351333426E-001
         373   4.252882640360359E-001
         374   4.227600278890364E-001
         375   4.220748764444614E-001
         376   4.184774162160551E-001
         377   4.151986252466270E-001
         378   4.139166021515867E-001
         379   4.123353720144193E-001
         380   4.106128281046970E-001
         381   4.106128281046970E-001
         382   4.080570555621911E-001
         383   4.067077306441511E-001
         384   4.054145997461607E-001
         385   4.033102334557619E-001
         386   4.015370552094914E-001
         387   4.015370552094914E-001
         388   4.003158446025164E-001
         389   3.989829728766031E-001
         390   3.974593891698822E-001
         391   3.960223704249937E-001
         392   3.955441468805672E-001
         393   3.923163342079664E-001
         394   3.903600511296694E-001
         395   3.901824708978794E-001
         396   3.873247432904817E-001
         397   3.858355360081208E-001
         398   3.831469258554983E-001
         399   3.816101978100924E-001
         400   3.747560382922091E-001
         401   3.704054533437048E-001
         402   3.671272094637522E-001
         403   3.665974529694496E-001
         404   3.646200016692159E-001
         405   3.599892456363888E-001
         406   3.557043290701132E-001
         407   3.516505883748226E-001
         408   3.501046836844479E-001
         409   3.491997740153368E-001
         410   3.475864151817435E-001
         411   3.464348939901839E-001
         412   3.464348939901839E-001
         413   3.425709567854596E-001
         414   3.017374842239860E-001
         415   3.017374842239860E-001
         416   2.972737672130469E-001
         417   2.961163685776558E-001
         418   2.941391277217403E-001
         419   2.935135252191112E-001
         420   2.935135252191112E-001
         421   2.922820873935576E-001
         422   2.922820873935576E-001
         423   2.899932021207446E-001
         424   2.876026580125026E-001
         425   2.876026580125026E-001
         426   2.862751227440951E-001
         427   2.862751227440951E-001
         428   2.847366487523177E-001
         429   2.833450996044299E-001
         430   2.824044318366965E-001
         431   2.824044318366965E-001
         432   2.814744798301783E-001
         433   2.796242256906442E-001
         434   2.796242256906442E-001
         435   2.782057797584120E-001
         436   2.782057797584120E-001
         437   2.763274972815035E-001
         438   2.763274972815035E-001
         439   2.756799222458025E-001
         440   2.756799222458025E-001
         441   2.754391054003904E-001
         442   2.731262164261564E-001
         443   2.731262164261564E-001
         444   2.727237492272054E-001
         445   2.713337342894045E-001
         446   2.713337342894045E-001
         447   2.707969866935702E-001
         448   2.687685859578779E-001
         449   2.687685859578779E-001
         450   2.682298891757431E-001
         451   2.682298891757431E-001
         452   2.678138440514378E-001
         453   2.663694372758429E-001
         454   2.658891722087973E-001
         455   2.658891722087973E-001
         456   2.652866511358372E-001
         457   2.636403043415791E-001
         458   2.632273657492629E-001
         459   2.632273657492629E-001
         460   2.625608666669268E-001
         461   2.625608666669268E-001
         462   2.617962760044252E-001
         463   2.617962760044252E-001
         464   2.609182656869571E-001
         465   2.607094730506592E-001
         466   2.589898980496309E-001
         467   2.589898980496309E-001
         468   2.531172044427528E-001
         469   2.531172044427528E-001
         470   2.506316859839605E-001
         471   2.500289852971017E-001
         472   2.500289852971017E-001
         473   2.499632364113815E-001
         474   2.499632364113815E-001
         475   2.473188632642239E-001
         476   2.473188632642239E-001
         477   2.472151930897734E-001
         478   2.452127124111446E-001
         479   2.452127124111446E-001
         480   2.451090834126445E-001
         481   2.446808859414882E-001
         482   2.446808859414882E-001
         483   2.445507341902066E-001
         484   2.445507341902066E-001
         485   2.423871746005630E-001
         486   2.423871746005630E-001
         487   2.416567415004404E-001
         488   2.399827104797472E-001
         489   2.399827104797472E-001
         490   2.394340571107989E-001
         491   2.381514591280302E-001
         492   2.379996044216637E-001
         493   2.379996044216637E-001
         494   2.357055787739697E-001
         495   2.357055787739697E-001
         496   2.348593128961340E-001
         497   2.348593128961340E-001
         498   2.333756035856714E-001
         499   2.333756035856714E-001
         500   2.330581603577077E-001
         501   2.330581603577077E-001
         502   2.327736607577942E-001
         503   2.327736607577942E-001
         504   2.321885861989492E-001
         505   2.311659580942834E-001
         506   2.299999087227246E-001
         507   2.299999087227246E-001
         508   2.291704677520246E-001
         509   2.291704677520246E-001
         510   2.287218740998138E-001
         511   2.287218740998138E-001
         512   2.287042415137004E-001
         513   2.287042415137004E-001
         514   2.270130242288386E-001
         515   2.270130242288386E-001
         516   2.265896454285169E-001
         517   2.265896454285169E-001
         518   2.258726663122044E-001
         519   2.245282923708193E-001
         520   2.245282923708193E-001
         521   2.238052906299793E-001
         522   2.238052906299793E-001
         523   2.234190392432792E-001
         524   2.234190392432792E-001
         525   2.222439867714129E-001
         526   2.221265810679423E-001
         527   2.221265810679423E-001
         528   2.211416628700590E-001
         529   2.211416628700590E-001
         530   2.205099041480174E-001
         531   2.205099041480174E-001
         532   2.202994577049132E-001
         533   2.191611217058424E-001
         534   2.191611217058424E-001
         535   2.190250637750623E-001
         536   2.190250637750623E-001
         537   2.183355106463006E-001
         538   2.183355106463006E-001
         539   2.182723712692105E-001
         540   2.171983294660423E-001
         541   2.171983294660423E-001
         542   2.163188663218250E-001
         543   2.163188663218250E-001
         544   2.160029173060535E-001
         545   2.160029173060535E-001
         546   2.159665257897683E-001
         547   2.155996565420418E-001
         548   2.155996565420418E-001
         549   2.153746710161338E-001
         550   2.153746710161338E-001
         551   2.149998857337533E-001
         552   2.143889950823223E-001
         553   2.143889950823223E-001
         554   2.134428735850203E-001
         555   2.131166255436150E-001
         556   2.131166255436150E-001
         557   2.130800462122141E-001
         558   2.130800462122141E-001
         559   2.123968230222823E-001
         560   2.115534527578693E-001
         561   2.115534527578693E-001
         562   2.111544852976630E-001
         563   2.111544852976630E-001
         564   2.108303053837664E-001
         565   2.108303053837664E-001
         566   2.103853032197339E-001
         567   2.103853032197339E-001
         568   2.097130255932326E-001
         569   2.097130255932326E-001
         570   2.089922039535292E-001
         571   2.089922039535292E-001
         572   2.087761152009234E-001
         573   2.087761152009234E-001
         574   2.077070877906360E-001
         575   2.077070877906360E-001
         576   2.064228581898815E-001
         577   2.064228581898815E-001
         578   2.064104803766770E-001
         579   2.064104803766770E-001
         580   2.063898518763860E-001
         581   2.063898518763860E-001
         582   2.059373366339956E-001
         583   2.054079411893669E-001
         584   2.044291363199041E-001
         585   2.043035746829531E-001
         586   2.043035746829531E-001
         587   2.035922646947628E-001
         588   1.931800178857314E-001
         589   1.931800178857314E-001
         590   1.908923386232028E-001
         591   1.890378985251871E-001
         592   1.880702550024515E-001
         593   1.857438176824874E-001
         594   1.766372276429316E-001
         595   1.766372276429316E-001
         596   1.753722884916074E-001
         597   1.753722884916074E-001
         598   1.738144898141348E-001
         599   1.738144898141348E-001
         600   1.733704707589104E-001
         601   1.733704707589104E-001
         602   1.707241264207743E-001
         603   1.701719821980731E-001
         604   1.701719821980731E-001
         605   1.692121181497794E-001
         606   1.658710388096124E-001
         607   1.658710388096124E-001
         608   1.650158068197966E-001
         609   1.650158068197966E-001
         610   1.646451280358469E-001
         611   1.639907420904176E-001
         612   1.639907420904176E-001
         613   1.635153592378154E-001
         614   1.624865983500994E-001
         615   1.624865983500994E-001
         616   1.617509144276386E-001
         617   1.614630854839993E-001
         618   1.614630854839993E-001
         619   1.604798654932317E-001
         620   1.602100670983599E-001
         621   1.602100670983599E-001
         622   1.369823345171407E-001
         623   1.358448330639689E-001
         624   1.357108787615030E-001
         625   1.357108787615030E-001
         626   1.350556391054364E-001
         627   1.350403437776684E-001
         628   1.350403437776684E-001
         629   1.344787210143162E-001
         630   1.344787210143162E-001
         631   1.334874691009057E-001
         632   1.334874691009057E-001
         633   1.333029024376291E-001
         634   1.333029024376291E-001
         635   1.307559446915826E-001
         636   1.307559446915826E-001
         637   1.296770422204581E-001
         638   1.293300463486042E-001
         639   1.278555655613572E-001
         640   1.278555655613572E-001
         641   1.252552170679127E-001
         642   1.252552170679127E-001
         643   1.243502089433073E-001
         644   1.243502089433073E-001
         645   1.237453586539691E-001
         646   3.370255404476551E-004
         647   2.586679304221480E-004
         648   0.000000000000000E+000
