   1.000000047497451E-003   3.086419753086420E-003   2.819464562543251E-001
   3.000000142492354E-003   0.000000000000000E+000   2.819781294293596E-001
   5.000000237487257E-003   0.000000000000000E+000   2.795042784812257E-001
   7.000000332482159E-003   0.000000000000000E+000   2.750736790119637E-001
   9.000000427477062E-003   0.000000000000000E+000   2.693539339884152E-001
   1.100000052247196E-002   0.000000000000000E+000   2.630022947324691E-001
   1.300000061746687E-002   0.000000000000000E+000   2.565761348060835E-001
   1.500000071246177E-002   0.000000000000000E+000   2.504933904863932E-001
   1.700000080745667E-002   0.000000000000000E+000   2.450326276648396E-001
   1.900000090245158E-002   0.000000000000000E+000   2.403553588668584E-001
   2.100000099744648E-002   0.000000000000000E+000   2.365357953332390E-001
   2.300000109244138E-002   0.000000000000000E+000   2.335890356596490E-001
   2.500000118743628E-002   0.000000000000000E+000   2.314938037021203E-001
   2.700000128243119E-002   0.000000000000000E+000   2.302090327111737E-001
   2.900000137742609E-002   0.000000000000000E+000   2.296850959882855E-001
   3.100000147242099E-002   0.000000000000000E+000   2.298709423254440E-001
   3.300000156741589E-002   0.000000000000000E+000   2.307183413252124E-001
   3.500000166241080E-002   0.000000000000000E+000   2.321842060347288E-001
   3.700000175740570E-002   0.000000000000000E+000   2.342316997321898E-001
   3.900000185240060E-002   0.000000000000000E+000   2.368306133410136E-001
   4.100000194739550E-002   0.000000000000000E+000   2.399573343037027E-001
   4.300000204239041E-002   0.000000000000000E+000   2.435946114545546E-001
   4.500000213738531E-002   0.000000000000000E+000   2.477312424291473E-001
   4.700000223238021E-002   0.000000000000000E+000   2.523617596175909E-001
   4.900000232737511E-002   0.000000000000000E+000   2.574861589313057E-001
   5.100000242237002E-002   0.000000000000000E+000   2.631096963787114E-001
   5.300000251736492E-002   0.000000000000000E+000   2.692427662607402E-001
   5.500000261235982E-002   0.000000000000000E+000   2.759008687888789E-001
   5.700000270735472E-002   0.000000000000000E+000   2.831046722063115E-001
   5.900000280234963E-002   0.000000000000000E+000   2.908801738579613E-001
   6.100000289734453E-002   0.000000000000000E+000   2.992589653646943E-001
   6.300000299233943E-002   0.000000000000000E+000   3.082786086619813E-001
   6.500000308733434E-002   0.000000000000000E+000   3.179831319006421E-001
   6.700000318232924E-002   0.000000000000000E+000   3.284236569256586E-001
   6.900000327732414E-002   0.000000000000000E+000   3.396591731559077E-001
   7.100000337231904E-002   0.000000000000000E+000   3.517574761068704E-001
   7.300000346731395E-002   0.000000000000000E+000   3.647962924278855E-001
   7.500000356230885E-002   0.000000000000000E+000   3.788646169869352E-001
   7.700000365730375E-002   0.000000000000000E+000   3.940642909033889E-001
   7.900000375229865E-002   0.000000000000000E+000   4.105118519227922E-001
   8.100000384729356E-002   0.000000000000000E+000   4.283406891490016E-001
   8.300000394228846E-002   0.000000000000000E+000   4.477035312250501E-001
   8.500000403728336E-002   0.000000000000000E+000   4.687752878446881E-001
   8.700000413227826E-002   0.000000000000000E+000   4.917562445768592E-001
   8.900000422727317E-002   0.000000000000000E+000   5.168755734415249E-001
   9.100000432226807E-002   0.000000000000000E+000   5.443950557203396E-001
   9.300000441726297E-002   0.000000000000000E+000   5.746128028384563E-001
   9.500000451225787E-002   0.000000000000000E+000   6.078665819686261E-001
   9.700000460725278E-002   0.000000000000000E+000   6.445360719715900E-001
   9.900000470224768E-002   0.000000000000000E+000   6.850429493034265E-001
   1.010000047972426E-001   0.000000000000000E+000   7.298470844289822E-001
   1.030000048922375E-001   0.000000000000000E+000   7.794362806530372E-001
   1.050000049872324E-001   0.000000000000000E+000   8.343059259482032E-001
   1.070000050822273E-001   0.000000000000000E+000   8.949238088769665E-001
   1.090000051772222E-001   0.000000000000000E+000   9.616746070326229E-001
   1.110000052722171E-001   0.000000000000000E+000        1.034779087657035
   1.130000053672120E-001   0.000000000000000E+000        1.114186319824195
   1.150000054622069E-001   0.000000000000000E+000        1.199444878954256
   1.170000055572018E-001   0.000000000000000E+000        1.289571825308882
   1.190000056521967E-001   0.000000000000000E+000        1.382953568857416
   1.210000057471916E-001   0.000000000000000E+000        1.477322846112773
   1.230000058421865E-001   1.543209876543210E-003        1.569850389207426
   1.250000059371814E-001   6.172839506172839E-003        1.657364352561401
   1.270000060321763E-001   3.086419753086420E-003        1.736676821621406
   1.290000061271712E-001   3.086419753086420E-003        1.804975742362938
   1.310000062221661E-001   3.086419753086420E-003        1.860238468930332
   1.330000063171610E-001   6.172839506172839E-003        1.901618904132890
   1.350000064121559E-001   1.234567901234568E-002        1.929733410727917
   1.370000065071508E-001   1.543209876543210E-003        1.946741069847186
   1.390000066021457E-001   0.000000000000000E+000        1.956134176898842
   1.410000066971406E-001   0.000000000000000E+000        1.962248188344919
   1.430000067921355E-001   0.000000000000000E+000        1.969615298881733
   1.450000068871304E-001   0.000000000000000E+000        1.982337629005869
   1.470000069821253E-001   0.000000000000000E+000        2.003612106247039
   1.490000070771202E-001   0.000000000000000E+000        2.035445770160777
   1.510000071721152E-001   0.000000000000000E+000        2.078528409219898
   1.530000072671101E-001   0.000000000000000E+000        2.132215075571305
   1.550000073621050E-001   0.000000000000000E+000        2.194603299388933
   1.570000074570999E-001   0.000000000000000E+000        2.262732155548684
   1.590000075520948E-001   0.000000000000000E+000        2.332942963774904
   1.610000076470897E-001   9.259259259259259E-003        2.401400544754340
   1.630000077420846E-001   7.716049382716049E-003        2.464692028511468
   1.650000078370795E-001   7.716049382716049E-003        2.520351609637132
   1.670000079320744E-001   0.000000000000000E+000        2.567167140676486
   1.690000080270693E-001   1.543209876543210E-003        2.605219566831865
   1.710000081220642E-001   4.629629629629629E-003        2.635724987854267
   1.730000082170591E-001   6.172839506172839E-003        2.660803400831890
   1.750000083120540E-001   3.086419753086420E-003        2.683257370261767
   1.770000084070489E-001   3.086419753086420E-003        2.706361184942795
   1.790000085020438E-001   0.000000000000000E+000        2.733617840336184
   1.810000085970387E-001   0.000000000000000E+000        2.768470648371580
   1.830000086920336E-001   0.000000000000000E+000        2.814020259983546
   1.850000087870285E-001   1.543209876543210E-003        2.872830205166981
   1.870000088820234E-001   0.000000000000000E+000        2.946871801514654
   1.890000089770183E-001   3.086419753086420E-003        3.037584658858193
   1.910000090720132E-001   1.543209876543210E-003        3.145962156782831
   1.930000091670081E-001   3.086419753086420E-003        3.272551117406759
   1.950000092620030E-001   0.000000000000000E+000        3.417291370711167
   1.970000093569979E-001   0.000000000000000E+000        3.579199306536022
   1.990000094519928E-001   0.000000000000000E+000        3.755990270501758
   2.010000095469877E-001   0.000000000000000E+000        3.943800107975470
   2.030000096419826E-001   1.543209876543210E-003        4.137170200119742
   2.050000097369775E-001   7.716049382716049E-003        4.329387080022485
   2.070000098319724E-001   1.234567901234568E-002        4.513140523367567
   2.090000099269673E-001   9.259259259259259E-003        4.681344286085635
   2.110000100219622E-001   1.234567901234568E-002        4.827915263380715
   2.130000101169571E-001   9.259259259259259E-003        4.948347136105076
   2.150000102119520E-001   1.234567901234568E-002        5.040002615874165
   2.170000103069469E-001   9.259259259259259E-003        5.102126856701336
   2.190000104019418E-001   1.080246913580247E-002        5.135628223318749
   2.210000104969367E-001   7.716049382716049E-003        5.142693697932976
   2.230000105919316E-001   1.080246913580247E-002        5.126323101130270
   2.250000106869265E-001   4.629629629629629E-003        5.089877702506025
   2.270000107819215E-001   6.172839506172839E-003        5.036728964289758
   2.290000108769164E-001   1.234567901234568E-002        4.970053533276154
   2.310000109719113E-001   1.543209876543210E-003        4.892762793002638
   2.330000110669062E-001   1.080246913580247E-002        4.807507150907632
   2.350000111619011E-001   6.172839506172839E-003        4.716683662474958
   2.370000112568960E-001   3.086419753086420E-003        4.622407184107352
   2.390000113518909E-001   6.172839506172839E-003        4.526459632359960
   2.410000114468858E-001   1.543209876543210E-003        4.430272684988123
   2.430000115418807E-001   3.086419753086420E-003        4.334995986002712
   2.450000116368756E-001   1.080246913580247E-002        4.241652879048866
   2.470000117318705E-001   4.629629629629629E-003        4.151319107931107
   2.490000118268654E-001   3.086419753086420E-003        4.065221476565032
   2.510000119218603E-001   4.629629629629629E-003        3.984672007533574
   2.530000120168552E-001   3.086419753086420E-003        3.910822893424518
   2.550000121118501E-001   0.000000000000000E+000        3.844315240270064
   2.570000122068450E-001   0.000000000000000E+000        3.784959677632368
   2.590000123018399E-001   3.086419753086420E-003        3.731594893047284
   2.610000123968348E-001   6.172839506172839E-003        3.682205995388707
   2.630000124918297E-001   7.716049382716049E-003        3.634272134658307
   2.650000125868246E-001   4.629629629629629E-003        3.585213804719547
   2.670000126818195E-001   3.086419753086420E-003        3.532783609039582
   2.690000127768144E-001   6.172839506172839E-003        3.475297874462703
   2.710000128718093E-001   4.629629629629629E-003        3.411694331373721
   2.730000129668042E-001   4.629629629629629E-003        3.341467147491951
   2.750000130617991E-001   4.629629629629629E-003        3.264549488700010
   2.770000131567940E-001   3.086419753086420E-003        3.181194631383640
   2.790000132517889E-001   6.172839506172839E-003        3.091874904821603
   2.810000133467838E-001   1.543209876543210E-003        2.997196555458708
   2.830000134417787E-001   4.629629629629629E-003        2.897826198024076
   2.850000135367736E-001   1.543209876543210E-003        2.794432577122476
   2.870000136317685E-001   6.172839506172839E-003        2.687653328656792
   2.890000137267634E-001   1.543209876543210E-003        2.578095708683873
   2.910000138217583E-001   0.000000000000000E+000        2.466374555213296
   2.930000139167532E-001   6.172839506172839E-003        2.353179969046189
   2.950000140117481E-001   1.543209876543210E-003        2.239351440922533
   2.970000141067430E-001   3.086419753086420E-003        2.125923828998656
   2.990000142017379E-001   0.000000000000000E+000        2.014117975572399
   3.010000142967328E-001   3.086419753086420E-003        1.905274408557163
   3.030000143917278E-001   0.000000000000000E+000        1.800752571296186
   3.050000144867227E-001   0.000000000000000E+000        1.701823699004503
   3.070000145817176E-001   0.000000000000000E+000        1.609577495403742
   3.090000146767125E-001   0.000000000000000E+000        1.524855201919046
   3.110000147717074E-001   0.000000000000000E+000        1.448218016284230
   3.130000148667023E-001   0.000000000000000E+000        1.379954280367299
   3.150000149616972E-001   0.000000000000000E+000        1.320119625668520
   3.170000150566921E-001   0.000000000000000E+000        1.268596433467572
   3.190000151516870E-001   0.000000000000000E+000        1.225157018046726
   3.210000152466819E-001   0.000000000000000E+000        1.189518298207859
   3.230000153416768E-001   0.000000000000000E+000        1.161380923042048
   3.250000154366717E-001   0.000000000000000E+000        1.140450027327248
   3.270000155316666E-001   0.000000000000000E+000        1.126437085942390
   3.290000156266615E-001   0.000000000000000E+000        1.119043224690261
   3.310000157216564E-001   0.000000000000000E+000        1.117924978926036
   3.330000158166513E-001   0.000000000000000E+000        1.122645170107222
   3.350000159116462E-001   0.000000000000000E+000        1.132615371554902
   3.370000160066411E-001   0.000000000000000E+000        1.147042595837966
   3.390000161016360E-001   0.000000000000000E+000        1.164899799945619
   3.410000161966309E-001   0.000000000000000E+000        1.184943572608033
   3.430000162916258E-001   1.543209876543210E-003        1.205797443999377
   3.450000163866207E-001   0.000000000000000E+000        1.226101905297576
   3.470000164816156E-001   4.629629629629629E-003        1.244704832874271
   3.490000165766105E-001   1.543209876543210E-003        1.260839601807200
   3.510000166716054E-001   3.086419753086420E-003        1.274229439773541
   3.530000167666003E-001   0.000000000000000E+000        1.285077275320508
   3.550000168615952E-001   1.543209876543210E-003        1.293944626761239
   3.570000169565901E-001   0.000000000000000E+000        1.301567119890692
   3.590000170515850E-001   1.543209876543210E-003        1.308673684767796
   3.610000171465799E-001   0.000000000000000E+000        1.315865228736389
   3.630000172415748E-001   0.000000000000000E+000        1.323578742504374
   3.650000173365697E-001   1.543209876543210E-003        1.332129877790191
   3.670000174315646E-001   3.086419753086420E-003        1.341800222775675
   3.690000175265595E-001   0.000000000000000E+000        1.352920903376732
   3.710000176215544E-001   1.543209876543210E-003        1.365908416325982
   3.730000177165493E-001   0.000000000000000E+000        1.381232492815364
   3.750000178115442E-001   1.543209876543210E-003        1.399327600032329
   3.770000179065391E-001   0.000000000000000E+000        1.420482654511645
   3.790000180015340E-001   0.000000000000000E+000        1.444749198110309
   3.810000180965290E-001   1.543209876543210E-003        1.471898664430226
   3.830000181915239E-001   1.543209876543210E-003        1.501439871170953
   3.850000182865188E-001   1.543209876543210E-003        1.532685198245015
   3.870000183815137E-001   1.543209876543210E-003        1.564837781489458
   3.890000184765086E-001   0.000000000000000E+000        1.597070546894942
   3.910000185715035E-001   3.086419753086420E-003        1.628580070452438
   3.930000186664984E-001   1.543209876543210E-003        1.658615546775039
   3.950000187614933E-001   1.543209876543210E-003        1.686496789683266
   3.970000188564882E-001   3.086419753086420E-003        1.711639071012885
   3.990000189514831E-001   1.543209876543210E-003        1.733593958312139
   4.010000190464780E-001   4.629629629629629E-003        1.752098608175497
   4.030000191414729E-001   1.543209876543210E-003        1.767113592914356
   4.050000192364678E-001   1.543209876543210E-003        1.778832045747871
   4.070000193314627E-001   1.543209876543210E-003        1.787658685743593
   4.090000194264576E-001   1.543209876543210E-003        1.794171897204357
   4.110000195214525E-001   3.086419753086420E-003        1.799082201042823
   4.130000196164474E-001   3.086419753086420E-003        1.803187011829305
   4.150000197114423E-001   1.543209876543210E-003        1.807309133548983
   4.170000198064372E-001   0.000000000000000E+000        1.812209378592866
   4.190000199014321E-001   1.543209876543210E-003        1.818482101815198
   4.210000199964270E-001   0.000000000000000E+000        1.826461532144193
   4.230000200914219E-001   3.086419753086420E-003        1.836170573829719
   4.250000201864168E-001   1.543209876543210E-003        1.847329725866627
   4.270000202814117E-001   1.543209876543210E-003        1.859423189231374
   4.290000203764066E-001   1.543209876543210E-003        1.871803699507439
   4.310000204714015E-001   3.086419753086420E-003        1.883809222083556
   4.330000205663964E-001   3.086419753086420E-003        1.894861069833445
   4.350000206613913E-001   3.086419753086420E-003        1.904516833138789
   4.370000207563862E-001   1.543209876543210E-003        1.912467646373604
   4.390000208513811E-001   1.543209876543210E-003        1.918494533113072
   4.410000209463760E-001   0.000000000000000E+000        1.922419161798727
   4.430000210413709E-001   3.086419753086420E-003        1.924085505671819
   4.450000211363658E-001   4.629629629629629E-003        1.923387265718894
   4.470000212313607E-001   1.543209876543210E-003        1.920325220645601
   4.490000213263556E-001   1.543209876543210E-003        1.915060510316138
   4.510000214213505E-001   3.086419753086420E-003        1.907934380729295
   4.530000215163454E-001   1.543209876543210E-003        1.899443539805575
   4.550000216113403E-001   1.543209876543210E-003        1.890179274969267
   4.570000217063353E-001   1.543209876543210E-003        1.880751774955855
   4.590000218013302E-001   1.543209876543210E-003        1.871726718747448
   4.610000218963251E-001   3.086419753086420E-003        1.863595593567497
   4.630000219913200E-001   1.543209876543210E-003        1.856783931816651
   4.650000220863149E-001   1.543209876543210E-003        1.851681410448923
   4.670000221813098E-001   1.543209876543210E-003        1.848667957657921
   4.690000222763047E-001   1.543209876543210E-003        1.848116341621745
   4.710000223712996E-001   1.543209876543210E-003        1.850366134888937
   4.730000224662945E-001   1.543209876543210E-003        1.855674781879094
   4.750000225612894E-001   0.000000000000000E+000        1.864157111503804
   4.770000226562843E-001   1.543209876543210E-003        1.875730811587168
   4.790000227512792E-001   0.000000000000000E+000        1.890090919026803
   4.810000228462741E-001   3.086419753086420E-003        1.906730813848887
   4.830000229412690E-001   3.086419753086420E-003        1.925006291108758
   4.850000230362639E-001   1.543209876543210E-003        1.944216097001366
   4.870000231312588E-001   1.543209876543210E-003        1.963666788446630
   4.890000232262537E-001   1.543209876543210E-003        1.982708086369173
   4.910000233212486E-001   3.086419753086420E-003        2.000752160258158
   4.930000234162435E-001   1.543209876543210E-003        2.017303694912803
   4.950000235112384E-001   1.543209876543210E-003        2.032015854604348
   4.970000236062333E-001   6.172839506172839E-003        2.044759002539847
   4.990000237012282E-001   3.086419753086420E-003        2.055665812020982
   5.010000237962231E-001   0.000000000000000E+000        2.065117878579316
   5.030000238912180E-001   1.543209876543210E-003        2.073668331375169
   5.050000239862129E-001   1.543209876543210E-003        2.081932534483197
   5.070000240812078E-001   1.543209876543210E-003        2.090494683735807
   5.090000241762027E-001   3.086419753086420E-003        2.099859360597048
   5.110000242711976E-001   1.543209876543210E-003        2.110442642897804
   5.130000243661925E-001   1.543209876543210E-003        2.122577631069101
   5.150000244611874E-001   1.543209876543210E-003        2.136515354610948
   5.170000245561823E-001   3.086419753086420E-003        2.152419420687155
   5.190000246511772E-001   3.086419753086420E-003        2.170362642127577
   5.210000247461721E-001   1.543209876543210E-003        2.190332287361782
   5.230000248411670E-001   1.543209876543210E-003        2.212245144892913
   5.250000249361619E-001   3.086419753086420E-003        2.235970073028652
   5.270000250311568E-001   1.543209876543210E-003        2.261353514641203
   5.290000251261517E-001   1.543209876543210E-003        2.288240913596531
   5.310000252211466E-001   1.543209876543210E-003        2.316486235163329
   5.330000253161416E-001   3.086419753086420E-003        2.345946273987224
   5.350000254111365E-001   3.086419753086420E-003        2.376464398735033
   5.370000255061314E-001   3.086419753086420E-003        2.407853435978816
   5.390000256011263E-001   1.543209876543210E-003        2.439886090548642
   5.410000256961212E-001   3.086419753086420E-003        2.472295938170655
   5.430000257911161E-001   4.629629629629629E-003        2.504785294105927
   5.450000258861110E-001   1.543209876543210E-003        2.537029013255638
   5.470000259811059E-001   3.086419753086420E-003        2.568660105096146
   5.490000260761008E-001   0.000000000000000E+000        2.599231986186807
   5.510000261710957E-001   4.629629629629629E-003        2.628171934119179
   5.530000262660906E-001   3.086419753086420E-003        2.654754836755806
   5.550000263610855E-001   3.086419753086420E-003        2.678121027612751
   5.570000264560804E-001   3.086419753086420E-003        2.697340226926445
   5.590000265510753E-001   4.629629629629629E-003        2.711501513063078
   5.610000266460702E-001   4.629629629629629E-003        2.719799810051372
   5.630000267410651E-001   4.629629629629629E-003        2.721595482037098
   5.650000268360600E-001   4.629629629629629E-003        2.716439895047798
   5.670000269310549E-001   3.086419753086420E-003        2.704076159596837
   5.690000270260498E-001   4.629629629629629E-003        2.684431130699806
   5.710000271210447E-001   3.086419753086420E-003        2.657609346235691
   5.730000272160396E-001   6.172839506172839E-003        2.623888454345117
   5.750000273110345E-001   0.000000000000000E+000        2.583709320165053
   5.770000274060294E-001   6.172839506172839E-003        2.537657066781383
   5.790000275010243E-001   1.543209876543210E-003        2.486436434436932
   5.810000275960192E-001   4.629629629629629E-003        2.430847199522612
   5.830000276910141E-001   1.543209876543210E-003        2.371760021465545
   5.850000277860090E-001   4.629629629629629E-003        2.310085382007231
   5.870000278810039E-001   1.543209876543210E-003        2.246727609878166
   5.890000279759988E-001   1.543209876543210E-003        2.182527887300310
   5.910000280709937E-001   1.543209876543210E-003        2.118218054492123
   5.930000281659886E-001   1.543209876543210E-003        2.054412706310558
   5.950000282609835E-001   4.629629629629629E-003        1.991647251755485
   5.970000283559784E-001   1.543209876543210E-003        1.930435534807298
   5.990000284509733E-001   0.000000000000000E+000        1.871303109272431
   6.010000285459682E-001   1.543209876543210E-003        1.814769853181489
   6.030000286409631E-001   1.543209876543210E-003        1.761292926334064
   6.050000287359580E-001   0.000000000000000E+000        1.711206149927597
   6.070000288309529E-001   1.543209876543210E-003        1.664688653112285
   6.090000289259478E-001   1.543209876543210E-003        1.621772604832648
   6.110000290209428E-001   1.543209876543210E-003        1.582375770946843
   6.130000291159377E-001   1.543209876543210E-003        1.546334430569574
   6.150000292109326E-001   0.000000000000000E+000        1.513420184501853
   6.170000293059275E-001   0.000000000000000E+000        1.483342047307835
   6.190000294009224E-001   1.543209876543210E-003        1.455747403520318
   6.210000294959173E-001   3.086419753086420E-003        1.430232020046852
   6.230000295909122E-001   0.000000000000000E+000        1.406356165099191
   6.250000296859071E-001   0.000000000000000E+000        1.383657278507641
   6.270000297809020E-001   1.543209876543210E-003        1.361657238744335
   6.290000298758969E-001   1.543209876543210E-003        1.339873419456912
   6.310000299708918E-001   1.543209876543210E-003        1.317843253071649
   6.330000300658867E-001   1.543209876543210E-003        1.295162756430005
   6.350000301608816E-001   0.000000000000000E+000        1.271532097614202
   6.370000302558765E-001   1.543209876543210E-003        1.246800855685880
   6.390000303508714E-001   1.543209876543210E-003        1.221006380347852
   6.410000304458663E-001   1.543209876543210E-003        1.194395900684000
   6.430000305408612E-001   1.543209876543210E-003        1.167421609341853
   6.450000306358561E-001   0.000000000000000E+000        1.140705007064040
   6.470000307308510E-001   0.000000000000000E+000        1.114979728470880
   6.490000308258459E-001   1.543209876543210E-003        1.091029826295486
   6.510000309208408E-001   0.000000000000000E+000        1.069636700182726
   6.530000310158357E-001   0.000000000000000E+000        1.051538003923759
   6.550000311108306E-001   0.000000000000000E+000        1.037396061717730
   6.570000312058255E-001   0.000000000000000E+000        1.027774710280586
   6.590000313008204E-001   0.000000000000000E+000        1.023126578292927
   6.610000313958153E-001   0.000000000000000E+000        1.023792107214881
   6.630000314908102E-001   0.000000000000000E+000        1.030007741537395
   6.650000315858051E-001   0.000000000000000E+000        1.041917823868952
   6.670000316808000E-001   0.000000000000000E+000        1.059585296183458
   6.690000317757949E-001   0.000000000000000E+000        1.082999608277950
   6.710000318707898E-001   0.000000000000000E+000        1.112083734818987
   6.730000319657847E-001   0.000000000000000E+000        1.146703151308115
   6.750000320607796E-001   0.000000000000000E+000        1.186676573864459
   6.770000321557745E-001   1.543209876543210E-003        1.231783135941233
   6.790000322507694E-001   0.000000000000000E+000        1.281759214338856
   6.810000323457643E-001   0.000000000000000E+000        1.336285229729846
   6.830000324407592E-001   0.000000000000000E+000        1.394974765358364
   6.850000325357541E-001   1.543209876543210E-003        1.457382985422553
   6.870000326307491E-001   1.543209876543210E-003        1.523040369300710
   6.890000327257440E-001   1.543209876543210E-003        1.591498849741783
   6.910000328207389E-001   1.543209876543210E-003        1.662368076246733
   6.930000329157338E-001   0.000000000000000E+000        1.735328553524139
   6.950000330107287E-001   1.543209876543210E-003        1.810126715068730
   6.970000331057236E-001   1.543209876543210E-003        1.886567412985326
   6.990000332007185E-001   3.086419753086420E-003        1.964513446281935
   7.010000332957134E-001   1.543209876543210E-003        2.043886943777978
   7.030000333907083E-001   3.086419753086420E-003        2.124658960703668
   7.050000334857032E-001   0.000000000000000E+000        2.206820609908925
   7.070000335806981E-001   3.086419753086420E-003        2.290346038903183
   7.090000336756930E-001   1.543209876543210E-003        2.375168904893530
   7.110000337706879E-001   3.086419753086420E-003        2.461187159562421
   7.130000338656828E-001   3.086419753086420E-003        2.548288461697127
   7.150000339606777E-001   4.629629629629629E-003        2.636367453839715
   7.170000340556726E-001   1.543209876543210E-003        2.725305003455287
   7.190000341506675E-001   1.543209876543210E-003        2.814902993165794
   7.210000342456624E-001   3.086419753086420E-003        2.904800760617099
   7.230000343406573E-001   4.629629629629629E-003        2.994415161200926
   7.250000344356522E-001   4.629629629629629E-003        3.082932183450389
   7.270000345306471E-001   3.086419753086420E-003        3.169346352571012
   7.290000346256420E-001   4.629629629629629E-003        3.252520533619680
   7.310000347206369E-001   4.629629629629629E-003        3.331239163236102
   7.330000348156318E-001   3.086419753086420E-003        3.404248453380727
   7.350000349106267E-001   4.629629629629629E-003        3.470299964173594
   7.370000350056216E-001   7.716049382716049E-003        3.528219487175570
   7.390000351006165E-001   6.172839506172839E-003        3.577003476871456
   7.410000351956114E-001   6.172839506172839E-003        3.615914093391647
   7.430000352906063E-001   6.172839506172839E-003        3.644528362240580
   7.450000353856012E-001   4.629629629629629E-003        3.662711803684546
   7.470000354805961E-001   6.172839506172839E-003        3.670520817805456
   7.490000355755910E-001   4.629629629629629E-003        3.668067766462604
   7.510000356705859E-001   6.172839506172839E-003        3.655394038663521
   7.530000357655808E-001   4.629629629629629E-003        3.632390536409301
   7.550000358605757E-001   4.629629629629629E-003        3.598789998495968
   7.570000359555706E-001   6.172839506172839E-003        3.554236763029993
   7.590000360505655E-001   4.629629629629629E-003        3.498418154338842
   7.610000361455604E-001   7.716049382716049E-003        3.431221864025275
   7.630000362405554E-001   4.629629629629629E-003        3.352875849238172
   7.650000363355503E-001   6.172839506172839E-003        3.264037811284452
   7.670000364305452E-001   6.172839506172839E-003        3.165823360305704
   7.690000365255401E-001   3.086419753086420E-003        3.059781804926695
   7.710000366205350E-001   3.086419753086420E-003        2.947837461088308
   7.730000367155299E-001   3.086419753086420E-003        2.832211065483074
   7.750000368105248E-001   4.629629629629629E-003        2.715323469317692
   7.770000369055197E-001   1.543209876543210E-003        2.599671452477012
   7.790000370005146E-001   1.543209876543210E-003        2.487667124710261
   7.810000370955095E-001   0.000000000000000E+000        2.381453322761498
   7.830000371905044E-001   1.543209876543210E-003        2.282733454183832
   7.850000372854993E-001   0.000000000000000E+000        2.192662764003956
   7.870000373804942E-001   1.543209876543210E-003        2.111830004590479
   7.890000374754891E-001   0.000000000000000E+000        2.040324654290324
   7.910000375704840E-001   1.543209876543210E-003        1.977854038382404
   7.930000376654789E-001   1.543209876543210E-003        1.923862241109902
   7.950000377604738E-001   1.543209876543210E-003        1.877614448186431
   7.970000378554687E-001   0.000000000000000E+000        1.838239392142324
   7.990000379504636E-001   0.000000000000000E+000        1.804751170853002
   8.010000380454585E-001   1.543209876543210E-003        1.776082476681529
   8.030000381404534E-001   3.086419753086420E-003        1.751149198205909
   8.050000382354483E-001   1.543209876543210E-003        1.728941317428134
   8.070000383304432E-001   1.543209876543210E-003        1.708613869484493
   8.090000384254381E-001   1.543209876543210E-003        1.689546635595282
   8.110000385204330E-001   1.543209876543210E-003        1.671353128209275
   8.130000386154279E-001   1.543209876543210E-003        1.653840270075544
   8.150000387104228E-001   1.543209876543210E-003        1.636939019395107
   8.170000388054177E-001   1.543209876543210E-003        1.620634309137682
   8.190000389004126E-001   0.000000000000000E+000        1.604917980760170
   8.210000389954075E-001   1.543209876543210E-003        1.589775857482270
   8.230000390904024E-001   1.543209876543210E-003        1.575205802468872
   8.250000391853973E-001   3.086419753086420E-003        1.561251007853681
   8.270000392803922E-001   0.000000000000000E+000        1.548025874969734
   8.290000393753871E-001   1.543209876543210E-003        1.535716288287809
   8.310000394703820E-001   1.543209876543210E-003        1.524552249208104
   8.330000395653769E-001   0.000000000000000E+000        1.514768784069278
   8.350000396603718E-001   1.543209876543210E-003        1.506577040145613
   8.370000397553667E-001   1.543209876543210E-003        1.500156401994464
   8.390000398503617E-001   1.543209876543210E-003        1.495659234479465
   8.410000399453566E-001   1.543209876543210E-003        1.493209149083268
   8.430000400403515E-001   0.000000000000000E+000        1.492881721703433
   8.450000401353464E-001   1.543209876543210E-003        1.494676346512338
   8.470000402303413E-001   1.543209876543210E-003        1.498500406621309
   8.490000403253362E-001   1.543209876543210E-003        1.504180225136741
   8.510000404203311E-001   1.543209876543210E-003        1.511494440745546
   8.530000405153260E-001   0.000000000000000E+000        1.520211604498676
   8.550000406103209E-001   3.086419753086420E-003        1.530114169351816
   8.570000407053158E-001   0.000000000000000E+000        1.541001830195815
   8.590000408003107E-001   1.543209876543210E-003        1.552679570698088
   8.610000408953056E-001   1.543209876543210E-003        1.564943036097487
   8.630000409903005E-001   1.543209876543210E-003        1.577572619325655
   8.650000410852954E-001   1.543209876543210E-003        1.590339142379599
   8.670000411802903E-001   3.086419753086420E-003        1.603014951638928
   8.690000412752852E-001   0.000000000000000E+000        1.615382716252223
   8.710000413702801E-001   1.543209876543210E-003        1.627242141177175
   8.730000414652750E-001   1.543209876543210E-003        1.638424016120330
   8.750000415602699E-001   1.543209876543210E-003        1.648819287848923
   8.770000416552648E-001   3.086419753086420E-003        1.658415914322505
   8.790000417502597E-001   3.086419753086420E-003        1.667322592036707
   8.810000418452546E-001   0.000000000000000E+000        1.675763963301218
   8.830000419402495E-001   1.543209876543210E-003        1.684056218826186
   8.850000420352444E-001   1.543209876543210E-003        1.692591982112629
   8.870000421302393E-001   3.086419753086420E-003        1.701855666052716
   8.890000422252342E-001   1.543209876543210E-003        1.712458670050048
   8.910000423202291E-001   1.543209876543210E-003        1.725156805139217
   8.930000424152240E-001   1.543209876543210E-003        1.740814339381195
   8.950000425102189E-001   1.543209876543210E-003        1.760306745364112
   8.970000426052138E-001   0.000000000000000E+000        1.784385339911477
   8.990000427002087E-001   1.543209876543210E-003        1.813542996893420
   9.010000427952036E-001   0.000000000000000E+000        1.847917010960969
   9.030000428901985E-001   1.543209876543210E-003        1.887248820497544
   9.050000429851934E-001   3.086419753086420E-003        1.930898483769429
   9.070000430801883E-001   1.543209876543210E-003        1.977892761893295
   9.090000431751832E-001   1.543209876543210E-003        2.026978813392063
   9.110000432701781E-001   3.086419753086420E-003        2.076665768892940
   9.130000433651730E-001   1.543209876543210E-003        2.125256682334630
   9.150000434601679E-001   3.086419753086420E-003        2.170888711406599
   9.170000435551629E-001   4.629629629629629E-003        2.211600485436070
   9.190000436501578E-001   1.543209876543210E-003        2.245433769089492
   9.210000437451527E-001   7.716049382716049E-003        2.270558850516462
   9.230000438401476E-001   3.086419753086420E-003        2.285397577598178
   9.250000439351425E-001   4.629629629629629E-003        2.288712043430965
   9.270000440301374E-001   4.629629629629629E-003        2.279636458669161
   9.290000441251323E-001   3.086419753086420E-003        2.257654403065757
   9.310000442201272E-001   4.629629629629629E-003        2.222551326457150
   9.330000443151221E-001   4.629629629629629E-003        2.174384438397001
   9.350000444101170E-001   3.086419753086420E-003        2.113499803319203
   9.370000445051119E-001   4.629629629629629E-003        2.040597060496422
   9.390000446001068E-001   3.086419753086420E-003        1.956811518431268
   9.410000446951017E-001   6.172839506172839E-003        1.863764826277219
   9.430000447900966E-001   3.086419753086420E-003        1.763537918913616
   9.450000448850915E-001   0.000000000000000E+000        1.658546820124495
   9.470000449800864E-001   1.543209876543210E-003        1.551343253288160
   9.490000450750813E-001   1.543209876543210E-003        1.444393424217032
   9.510000451700762E-001   0.000000000000000E+000        1.339889582969992
   9.530000452650711E-001   0.000000000000000E+000        1.239624565418691
   9.550000453600660E-001   0.000000000000000E+000        1.144932482949303
   9.570000454550609E-001   0.000000000000000E+000        1.056685112364057
   9.590000455500558E-001   0.000000000000000E+000   9.753310719220709E-001
   9.610000456450507E-001   0.000000000000000E+000   9.009645532220024E-001
   9.630000457400456E-001   0.000000000000000E+000   8.334091599935766E-001
   9.650000458350405E-001   0.000000000000000E+000   7.723026662375978E-001
   9.670000459300354E-001   0.000000000000000E+000   7.171718399122791E-001
   9.690000460250303E-001   0.000000000000000E+000   6.674915978524979E-001
   9.710000461200252E-001   0.000000000000000E+000   6.227274488879775E-001
   9.730000462150201E-001   0.000000000000000E+000   5.823631852224728E-001
   9.750000463100150E-001   0.000000000000000E+000   5.459170440770423E-001
   9.770000464050099E-001   0.000000000000000E+000   5.129496345035745E-001
   9.790000465000048E-001   0.000000000000000E+000   4.830664114716523E-001
   9.810000465949997E-001   0.000000000000000E+000   4.559167989344893E-001
   9.830000466899946E-001   0.000000000000000E+000   4.311914328320358E-001
   9.850000467849895E-001   0.000000000000000E+000   4.086184937927428E-001
   9.870000468799844E-001   0.000000000000000E+000   3.879597350909134E-001
   9.890000469749793E-001   0.000000000000000E+000   3.690065622554061E-001
   9.910000470699742E-001   0.000000000000000E+000   3.515763579454663E-001
   9.930000471649692E-001   0.000000000000000E+000   3.355091435693558E-001
   9.950000472599641E-001   0.000000000000000E+000   3.206646076420696E-001
   9.970000473549590E-001   0.000000000000000E+000   3.069194957260074E-001
   9.990000474499539E-001   0.000000000000000E+000   2.941653381848278E-001
        1.001000047544949   0.000000000000000E+000   2.823064834468067E-001
        1.003000047639944   0.000000000000000E+000   2.712584018686400E-001
        1.005000047734939   0.000000000000000E+000   2.609462260057622E-001
        1.007000047829934   0.000000000000000E+000   2.513034955286280E-001
        1.009000047924928   0.000000000000000E+000   2.422710782170142E-001
        1.011000048019923   0.000000000000000E+000   2.337962418606598E-001
        1.013000048114918   0.000000000000000E+000   2.258318551889598E-001
        1.015000048209913   0.000000000000000E+000   2.183356989901989E-001
        1.017000048304908   0.000000000000000E+000   2.112698712968549E-001
        1.019000048399903   0.000000000000000E+000   2.046002728939767E-001
        1.021000048494898   0.000000000000000E+000   1.982961614662268E-001
        1.023000048589893   0.000000000000000E+000   1.923297644633147E-001
        1.025000048684888   0.000000000000000E+000   1.866759422660559E-001
        1.027000048779883   0.000000000000000E+000   1.813118945097544E-001
        1.029000048874877   0.000000000000000E+000   1.762169034997227E-001
        1.031000048969872   0.000000000000000E+000   1.713721095644570E-001
        1.033000049064867   0.000000000000000E+000   1.667603139606723E-001
        1.035000049159862   0.000000000000000E+000   1.623658055932044E-001
        1.037000049254857   0.000000000000000E+000   1.581742083605830E-001
        1.039000049349852   0.000000000000000E+000   1.541723463999992E-001
        1.041000049444847   0.000000000000000E+000   1.503481248969440E-001
        1.043000049539842   0.000000000000000E+000   1.466904244564270E-001
        1.045000049634837   0.000000000000000E+000   1.431890073139860E-001
        1.047000049729832   0.000000000000000E+000   1.398344339036602E-001
        1.049000049824826   0.000000000000000E+000   1.366179885034144E-001
        1.051000049919821   0.000000000000000E+000   1.335316128518508E-001
        1.053000050014816   0.000000000000000E+000   1.305678467780268E-001
        1.055000050109811   0.000000000000000E+000   1.277197750128293E-001
        1.057000050204806   0.000000000000000E+000   1.249809794588551E-001
        1.059000050299801   0.000000000000000E+000   1.223454962889352E-001
        1.061000050394796   0.000000000000000E+000   1.198077773235831E-001
        1.063000050489791   0.000000000000000E+000   1.173626552067293E-001
        1.065000050584786   0.000000000000000E+000   1.150053119587449E-001
        1.067000050679781   0.000000000000000E+000   1.127312505373493E-001
        1.069000050774775   0.000000000000000E+000   1.105362690816965E-001
        1.071000050869770   0.000000000000000E+000   1.084164375537545E-001
        1.073000050964765   0.000000000000000E+000   1.063680765248224E-001
        1.075000051059760   0.000000000000000E+000   1.043877378844563E-001
        1.077000051154755   0.000000000000000E+000   1.024721872747076E-001
        1.079000051249750   0.000000000000000E+000   1.006183880750174E-001
        1.081000051344745   0.000000000000000E+000   9.882348678274090E-002
        1.083000051439740   0.000000000000000E+000   9.708479965149883E-002
        1.085000051534735   0.000000000000000E+000   9.539980046467500E-002
        1.087000051629730   0.000000000000000E+000   9.376610933468679E-002
        1.089000051724725   0.000000000000000E+000   9.218148243038807E-002
        1.091000051819719   0.000000000000000E+000   9.064380254529526E-002
        1.093000051914714   0.000000000000000E+000   8.915107042849012E-002
        1.095000052009709   0.000000000000000E+000   8.770139680813081E-002
        1.097000052104704   0.000000000000000E+000   8.629299504468438E-002
        1.099000052199699   0.000000000000000E+000   8.492417435735945E-002
        1.101000052294694   0.000000000000000E+000   8.359333357286995E-002
        1.103000052389689   0.000000000000000E+000   8.229895535070586E-002
        1.105000052484684   0.000000000000000E+000   8.103960084357047E-002
        1.107000052579679   0.000000000000000E+000   7.981390475564169E-002
        1.109000052674674   0.000000000000000E+000   7.862057076490597E-002
        1.111000052769668   0.000000000000000E+000   7.745836727900005E-002
        1.113000052864663   0.000000000000000E+000   7.632612349687383E-002
        1.115000052959658   0.000000000000000E+000   7.522272575114487E-002
        1.117000053054653   0.000000000000000E+000   7.414711410834039E-002
        1.119000053149648   0.000000000000000E+000   7.309827920627542E-002
        1.121000053244643   0.000000000000000E+000   7.207525930970071E-002
        1.123000053339638   0.000000000000000E+000   7.107713756702148E-002
        1.125000053434633   0.000000000000000E+000   7.010303945241569E-002
        1.127000053529628   0.000000000000000E+000   6.915213037903667E-002
        1.129000053624623   0.000000000000000E+000   6.822361347023320E-002
        1.131000053719617   0.000000000000000E+000   6.731672747683121E-002
        1.133000053814612   0.000000000000000E+000   6.643074482953698E-002
        1.135000053909607   0.000000000000000E+000   6.556496981644185E-002
        1.137000054004602   0.000000000000000E+000   6.471873687643831E-002
        1.139000054099597   0.000000000000000E+000   6.389140900011653E-002
        1.141000054194592   0.000000000000000E+000   6.308237623039567E-002
        1.143000054289587   0.000000000000000E+000   6.229105425577435E-002
        1.145000054384582   0.000000000000000E+000   6.151688308965048E-002
        1.147000054479577   0.000000000000000E+000   6.075932582968164E-002
        1.149000054574572   0.000000000000000E+000   6.001786749163229E-002
        1.151000054669567   0.000000000000000E+000   5.929201391258481E-002
        1.153000054764561   0.000000000000000E+000   5.858129071878930E-002
        1.155000054859556   0.000000000000000E+000   5.788524235378464E-002
        1.157000054954551   0.000000000000000E+000   5.720343116276160E-002
        1.159000055049546   0.000000000000000E+000   5.653543652943210E-002
        1.161000055144541   0.000000000000000E+000   5.588085406195688E-002
        1.163000055239536   0.000000000000000E+000   5.523929482473068E-002
        1.165000055334531   0.000000000000000E+000   5.461038461306564E-002
        1.167000055429526   0.000000000000000E+000   5.399376326802111E-002
        1.169000055524521   0.000000000000000E+000   5.338908402883277E-002
        1.171000055619516   0.000000000000000E+000   5.279601292057244E-002
        1.173000055714510   0.000000000000000E+000   5.221422817483932E-002
        1.175000055809505   0.000000000000000E+000   5.164341968143318E-002
        1.177000055904500   0.000000000000000E+000   5.108328846911524E-002
        1.179000055999495   0.000000000000000E+000   5.053354621367435E-002
        1.181000056094490   0.000000000000000E+000   4.999391477165776E-002
        1.183000056189485   0.000000000000000E+000   4.946412573822333E-002
        1.185000056284480   0.000000000000000E+000   4.894392002768116E-002
        1.187000056379475   0.000000000000000E+000   4.843304747538643E-002
        1.189000056474470   0.000000000000000E+000   4.793126645973374E-002
        1.191000056569465   0.000000000000000E+000   4.743834354308719E-002
        1.193000056664459   0.000000000000000E+000   4.695405313055438E-002
        1.195000056759454   0.000000000000000E+000   4.647817714558511E-002
        1.197000056854449   0.000000000000000E+000   4.601050472144229E-002
        1.199000056949444   0.000000000000000E+000   4.555083190764751E-002
        1.201000057044439   0.000000000000000E+000   4.509896139057092E-002
        1.203000057139434   0.000000000000000E+000   4.465470222737609E-002
        1.205000057234429   0.000000000000000E+000   4.421786959258879E-002
        1.207000057329424   0.000000000000000E+000   4.378828453659741E-002
        1.209000057424419   0.000000000000000E+000   4.336577375544212E-002
        1.211000057519414   0.000000000000000E+000   4.295016937128087E-002
        1.213000057614408   0.000000000000000E+000   4.254130872296622E-002
        1.215000057709403   0.000000000000000E+000   4.213903416619304E-002
        1.217000057804398   0.000000000000000E+000   4.174319288271641E-002
        1.219000057899393   0.000000000000000E+000   4.135363669816430E-002
        1.221000057994388   0.000000000000000E+000   4.097022190799775E-002
        1.223000058089383   0.000000000000000E+000   4.059280911120170E-002
        1.225000058184378   0.000000000000000E+000   4.022126305130742E-002
        1.227000058279373   0.000000000000000E+000   3.985545246437658E-002
        1.229000058374368   0.000000000000000E+000   3.949524993359509E-002
        1.231000058469363   0.000000000000000E+000   3.914053175014372E-002
        1.233000058564358   0.000000000000000E+000   3.879117778003556E-002
        1.235000058659352   0.000000000000000E+000   3.844707133662477E-002
        1.237000058754347   0.000000000000000E+000   3.810809905850526E-002
        1.239000058849342   0.000000000000000E+000   3.777415079254103E-002
        1.241000058944337   0.000000000000000E+000   3.744511948177636E-002
        1.243000059039332   0.000000000000000E+000   3.712090105799164E-002
        1.245000059134327   0.000000000000000E+000   3.680139433868302E-002
        1.247000059229322   0.000000000000000E+000   3.648650092825585E-002
        1.249000059324317   0.000000000000000E+000   3.617612512323273E-002
        1.251000059419312   0.000000000000000E+000   3.587017382128779E-002
        1.253000059514307   0.000000000000000E+000   3.556855643392951E-002
        1.255000059609301   0.000000000000000E+000   3.527118480266318E-002
        1.257000059704296   0.000000000000000E+000   3.497797311847150E-002
        1.259000059799291   0.000000000000000E+000   3.468883784446399E-002
        1.261000059894286   0.000000000000000E+000   3.440369764154993E-002
        1.263000059989281   0.000000000000000E+000   3.412247329699752E-002
        1.265000060084276   0.000000000000000E+000   3.384508765575269E-002
        1.267000060179271   0.000000000000000E+000   3.357146555439030E-002
        1.269000060274266   0.000000000000000E+000   3.330153375758582E-002
        1.271000060369261   0.000000000000000E+000   3.303522089699222E-002
        1.273000060464256   0.000000000000000E+000   3.277245741242026E-002
        1.275000060559250   0.000000000000000E+000   3.251317549521902E-002
        1.277000060654245   0.000000000000000E+000   3.225730903376414E-002
        1.279000060749240   0.000000000000000E+000   3.200479356096084E-002
        1.281000060844235   0.000000000000000E+000   3.175556620367826E-002
        1.283000060939230   0.000000000000000E+000   3.150956563402942E-002
        1.285000061034225   0.000000000000000E+000   3.126673202242294E-002
        1.287000061129220   0.000000000000000E+000   3.102700699230939E-002
        1.289000061224215   0.000000000000000E+000   3.079033357655180E-002
        1.291000061319210   0.000000000000000E+000   3.055665617535460E-002
        1.293000061414205   0.000000000000000E+000   3.032592051568443E-002
        1.295000061509199   0.000000000000000E+000   3.009807361212344E-002
        1.297000061604194   0.000000000000000E+000   2.987306372909560E-002
        1.299000061699189   0.000000000000000E+000   2.965084034441047E-002
        1.301000061794184   0.000000000000000E+000   2.943135411407208E-002
        1.303000061889179   0.000000000000000E+000   2.921455683830071E-002
        1.305000061984174   0.000000000000000E+000   2.900040142872069E-002
        1.307000062079169   0.000000000000000E+000   2.878884187666680E-002
        1.309000062174164   0.000000000000000E+000   2.857983322256633E-002
        1.311000062269159   0.000000000000000E+000   2.837333152635288E-002
        1.313000062364154   0.000000000000000E+000   2.816929383887341E-002
        1.315000062459149   0.000000000000000E+000   2.796767817424939E-002
        1.317000062554143   0.000000000000000E+000   2.776844348315451E-002
        1.319000062649138   0.000000000000000E+000   2.757154962697438E-002
        1.321000062744133   0.000000000000000E+000   2.737695735281479E-002
        1.323000062839128   0.000000000000000E+000   2.718462826932591E-002
        1.325000062934123   0.000000000000000E+000   2.699452482331181E-002
        1.327000063029118   0.000000000000000E+000   2.680661027709493E-002
        1.329000063124113   0.000000000000000E+000   2.662084868660894E-002
        1.331000063219108   0.000000000000000E+000   2.643720488019126E-002
        1.333000063314103   0.000000000000000E+000   2.625564443805035E-002
        1.335000063409098   0.000000000000000E+000   2.607613367238264E-002
        1.337000063504092   0.000000000000000E+000   2.589863960811492E-002
        1.339000063599087   0.000000000000000E+000   2.572312996425016E-002
        1.341000063694082   0.000000000000000E+000   2.554957313579425E-002
        1.343000063789077   0.000000000000000E+000   2.537793817624301E-002
        1.345000063884072   0.000000000000000E+000   2.520819478060929E-002
        1.347000063979067   0.000000000000000E+000   2.504031326897062E-002
        1.349000064074062   0.000000000000000E+000   2.487426457051980E-002
        1.351000064169057   0.000000000000000E+000   2.471002020809912E-002
        1.353000064264052   0.000000000000000E+000   2.454755228320279E-002
        1.355000064359047   0.000000000000000E+000   2.438683346143023E-002
        1.357000064454041   0.000000000000000E+000   2.422783695837459E-002
        1.359000064549036   0.000000000000000E+000   2.407053652593216E-002
        1.361000064644031   0.000000000000000E+000   2.391490643901651E-002
        1.363000064739026   0.000000000000000E+000   2.376092148266597E-002
        1.365000064834021   0.000000000000000E+000   2.360855693952807E-002
        1.367000064929016   0.000000000000000E+000   2.345778857771084E-002
        1.369000065024011   0.000000000000000E+000   2.330859263898656E-002
        1.371000065119006   0.000000000000000E+000   2.316094582733703E-002
        1.373000065214001   0.000000000000000E+000   2.301482529782917E-002
        1.375000065308996   0.000000000000000E+000   2.287020864580881E-002
        1.377000065403990   0.000000000000000E+000   2.272707389640330E-002
        1.379000065498985   0.000000000000000E+000   2.258539949432190E-002
        1.381000065593980   0.000000000000000E+000   2.244516429394473E-002
        1.383000065688975   0.000000000000000E+000   2.230634754969028E-002
        1.385000065783970   0.000000000000000E+000   2.216892890665302E-002
        1.387000065878965   0.000000000000000E+000   2.203288839150188E-002
        1.389000065973960   0.000000000000000E+000   2.189820640363070E-002
        1.391000066068955   0.000000000000000E+000   2.176486370655439E-002
        1.393000066163950   0.000000000000000E+000   2.163284141954059E-002
        1.395000066258945   0.000000000000000E+000   2.150212100947093E-002
        1.397000066353940   0.000000000000000E+000   2.137268428292375E-002
        1.399000066448934   0.000000000000000E+000   2.124451337847224E-002
        1.401000066543929   0.000000000000000E+000   2.111759075918991E-002
        1.403000066638924   0.000000000000000E+000   2.099189920535794E-002
        1.405000066733919   0.000000000000000E+000   2.086742180736814E-002
        1.407000066828914   0.000000000000000E+000   2.074414195881394E-002
        1.409000066923909   0.000000000000000E+000   2.062204334976641E-002
        1.411000067018904   0.000000000000000E+000   2.050110996022626E-002
        1.413000067113899   0.000000000000000E+000   2.038132605374954E-002
        1.415000067208894   0.000000000000000E+000   2.026267617123901E-002
        1.417000067303889   0.000000000000000E+000   2.014514512489895E-002
        1.419000067398883   0.000000000000000E+000   2.002871799234539E-002
        1.421000067493878   0.000000000000000E+000   1.991338011086998E-002
        1.423000067588873   0.000000000000000E+000   1.979911707185091E-002
        1.425000067683868   0.000000000000000E+000   1.968591471530706E-002
        1.427000067778863   0.000000000000000E+000   1.957375912459172E-002
        1.429000067873858   0.000000000000000E+000   1.946263662122090E-002
        1.431000067968853   0.000000000000000E+000   1.935253375983262E-002
        1.433000068063848   0.000000000000000E+000   1.924343732327337E-002
        1.435000068158843   0.000000000000000E+000   1.913533431780817E-002
        1.437000068253838   0.000000000000000E+000   1.902821196844986E-002
        1.439000068348832   0.000000000000000E+000   1.892205771440550E-002
        1.441000068443827   0.000000000000000E+000   1.881685920463519E-002
        1.443000068538822   0.000000000000000E+000   1.871260429352059E-002
        1.445000068633817   0.000000000000000E+000   1.860928103664051E-002
        1.447000068728812   0.000000000000000E+000   1.850687768664942E-002
        1.449000068823807   0.000000000000000E+000   1.840538268925699E-002
        1.451000068918802   0.000000000000000E+000   1.830478467930530E-002
        1.453000069013797   0.000000000000000E+000   1.820507247694067E-002
        1.455000069108792   0.000000000000000E+000   1.810623508387851E-002
        1.457000069203787   0.000000000000000E+000   1.800826167975702E-002
        1.459000069298782   0.000000000000000E+000   1.791114161857904E-002
        1.461000069393776   0.000000000000000E+000   1.781486442523805E-002
        1.463000069488771   0.000000000000000E+000   1.771941979212679E-002
        1.465000069583766   0.000000000000000E+000   1.762479757582636E-002
        1.467000069678761   0.000000000000000E+000   1.753098779387302E-002
        1.469000069773756   0.000000000000000E+000   1.743798062160085E-002
        1.471000069868751   0.000000000000000E+000   1.734576638905847E-002
        1.473000069963746   0.000000000000000E+000   1.725433557799730E-002
        1.475000070058741   0.000000000000000E+000   1.716367881892972E-002
        1.477000070153736   0.000000000000000E+000   1.707378688825536E-002
        1.479000070248731   0.000000000000000E+000   1.698465070545343E-002
        1.481000070343725   0.000000000000000E+000   1.689626133033954E-002
        1.483000070438720   0.000000000000000E+000   1.680860996038485E-002
        1.485000070533715   0.000000000000000E+000   1.672168792809685E-002
        1.487000070628710   0.000000000000000E+000   1.663548669845895E-002
        1.489000070723705   0.000000000000000E+000   1.654999786642823E-002
        1.491000070818700   0.000000000000000E+000   1.646521315448957E-002
        1.493000070913695   0.000000000000000E+000   1.638112441026423E-002
        1.495000071008690   0.000000000000000E+000   1.629772360417240E-002
        1.497000071103685   0.000000000000000E+000   1.621500282714732E-002
        1.499000071198680   0.000000000000000E+000   1.613295428840052E-002
        1.501000071293674   0.000000000000000E+000   1.605157031323601E-002
        1.503000071388669   0.000000000000000E+000   1.597084334091297E-002
        1.505000071483664   0.000000000000000E+000   1.589076592255508E-002
        1.507000071578659   0.000000000000000E+000   1.581133071910583E-002
        1.509000071673654   0.000000000000000E+000   1.573253049932777E-002
        1.511000071768649   0.000000000000000E+000   1.565435813784627E-002
        1.513000071863644   0.000000000000000E+000   1.557680661323433E-002
        1.515000071958639   0.000000000000000E+000   1.549986900613961E-002
        1.517000072053634   0.000000000000000E+000   1.542353849745112E-002
        1.519000072148629   0.000000000000000E+000   1.534780836650561E-002
        1.521000072243623   0.000000000000000E+000   1.527267198933161E-002
        1.523000072338618   0.000000000000000E+000   1.519812283693150E-002
        1.525000072433613   0.000000000000000E+000   1.512415447359932E-002
        1.527000072528608   0.000000000000000E+000   1.505076055527433E-002
        1.529000072623603   0.000000000000000E+000   1.497793482792940E-002
        1.531000072718598   0.000000000000000E+000   1.490567112599284E-002
        1.533000072813593   0.000000000000000E+000   1.483396337080334E-002
        1.535000072908588   0.000000000000000E+000   1.476280556909711E-002
        1.537000073003583   0.000000000000000E+000   1.469219181152618E-002
        1.539000073098578   0.000000000000000E+000   1.462211627120760E-002
        1.541000073193573   0.000000000000000E+000   1.455257320230259E-002
        1.543000073288567   0.000000000000000E+000   1.448355693862421E-002
        1.545000073383562   0.000000000000000E+000   1.441506189227465E-002
        1.547000073478557   0.000000000000000E+000   1.434708255230902E-002
        1.549000073573552   0.000000000000000E+000   1.427961348342744E-002
        1.551000073668547   0.000000000000000E+000   1.421264932469278E-002
        1.553000073763542   0.000000000000000E+000   1.414618478827476E-002
        1.555000073858537   0.000000000000000E+000   1.408021465821930E-002
        1.557000073953532   0.000000000000000E+000   1.401473378924238E-002
        1.559000074048527   0.000000000000000E+000   1.394973710554790E-002
        1.561000074143522   0.000000000000000E+000   1.388521959966959E-002
        1.563000074238516   0.000000000000000E+000   1.382117633133534E-002
        1.565000074333511   0.000000000000000E+000   1.375760242635450E-002
        1.567000074428506   0.000000000000000E+000   1.369449307552676E-002
        1.569000074523501   0.000000000000000E+000   1.363184353357277E-002
        1.571000074618496   0.000000000000000E+000   1.356964911808546E-002
        1.573000074713491   0.000000000000000E+000   1.350790520850211E-002
        1.575000074808486   0.000000000000000E+000   1.344660724509625E-002
        1.577000074903481   0.000000000000000E+000   1.338575072798924E-002
        1.579000074998476   0.000000000000000E+000   1.332533121618110E-002
        1.581000075093471   0.000000000000000E+000   1.326534432659967E-002
        1.583000075188465   0.000000000000000E+000   1.320578573316831E-002
        1.585000075283460   0.000000000000000E+000   1.314665116589168E-002
        1.587000075378455   0.000000000000000E+000   1.308793640995830E-002
        1.589000075473450   0.000000000000000E+000   1.302963730486130E-002
        1.591000075568445   0.000000000000000E+000   1.297174974353466E-002
        1.593000075663440   0.000000000000000E+000   1.291426967150661E-002
        1.595000075758435   0.000000000000000E+000   1.285719308606887E-002
        1.597000075853430   0.000000000000000E+000   1.280051603546126E-002
        1.599000075948425   0.000000000000000E+000   1.274423461807192E-002
        1.601000076043420   0.000000000000000E+000   1.268834498165221E-002
        1.603000076138414   0.000000000000000E+000   1.263284332254652E-002
        1.605000076233409   0.000000000000000E+000   1.257772588493614E-002
        1.607000076328404   0.000000000000000E+000   1.252298896009729E-002
        1.609000076423399   0.000000000000000E+000   1.246862888567293E-002
        1.611000076518394   0.000000000000000E+000   1.241464204495764E-002
        1.613000076613389   0.000000000000000E+000   1.236102486619618E-002
        1.615000076708384   0.000000000000000E+000   1.230777382189429E-002
        1.617000076803379   0.000000000000000E+000   1.225488542814253E-002
        1.619000076898374   0.000000000000000E+000   1.220235624395227E-002
        1.621000076993369   0.000000000000000E+000   1.215018287060359E-002
        1.623000077088364   0.000000000000000E+000   1.209836195100519E-002
        1.625000077183358   0.000000000000000E+000   1.204689016906570E-002
        1.627000077278353   0.000000000000000E+000   1.199576424907645E-002
        1.629000077373348   0.000000000000000E+000   1.194498095510508E-002
        1.631000077468343   0.000000000000000E+000   1.189453709040023E-002
        1.633000077563338   0.000000000000000E+000   1.184442949680663E-002
        1.635000077658333   0.000000000000000E+000   1.179465505419077E-002
        1.637000077753328   0.000000000000000E+000   1.174521067987665E-002
        1.639000077848323   0.000000000000000E+000   1.169609332809148E-002
        1.641000077943318   0.000000000000000E+000   1.164729998942117E-002
        1.643000078038313   0.000000000000000E+000   1.159882769027551E-002
        1.645000078133307   0.000000000000000E+000   1.155067349236246E-002
        1.647000078228302   0.000000000000000E+000   1.150283449217181E-002
        1.649000078323297   0.000000000000000E+000   1.145530782046794E-002
        1.651000078418292   0.000000000000000E+000   1.140809064179105E-002
        1.653000078513287   0.000000000000000E+000   1.136118015396733E-002
        1.655000078608282   0.000000000000000E+000   1.131457358762741E-002
        1.657000078703277   0.000000000000000E+000   1.126826820573328E-002
        1.659000078798272   0.000000000000000E+000   1.122226130311316E-002
        1.661000078893267   0.000000000000000E+000   1.117655020600437E-002
        1.663000078988262   0.000000000000000E+000   1.113113227160412E-002
        1.665000079083256   0.000000000000000E+000   1.108600488762790E-002
        1.667000079178251   0.000000000000000E+000   1.104116547187515E-002
        1.669000079273246   0.000000000000000E+000   1.099661147180274E-002
        1.671000079368241   0.000000000000000E+000   1.095234036410517E-002
        1.673000079463236   0.000000000000000E+000   1.090834965430219E-002
        1.675000079558231   0.000000000000000E+000   1.086463687633317E-002
        1.677000079653226   0.000000000000000E+000   1.082119959215828E-002
        1.679000079748221   0.000000000000000E+000   1.077803539136638E-002
        1.681000079843216   0.000000000000000E+000   1.073514189078954E-002
        1.683000079938211   0.000000000000000E+000   1.069251673412363E-002
        1.685000080033205   0.000000000000000E+000   1.065015759155557E-002
        1.687000080128200   0.000000000000000E+000   1.060806215939655E-002
        1.689000080223195   0.000000000000000E+000   1.056622815972122E-002
        1.691000080318190   0.000000000000000E+000   1.052465334001319E-002
        1.693000080413185   0.000000000000000E+000   1.048333547281561E-002
        1.695000080508180   0.000000000000000E+000   1.044227235538846E-002
        1.697000080603175   0.000000000000000E+000   1.040146180937041E-002
        1.699000080698170   0.000000000000000E+000   1.036090168044701E-002
        1.701000080793165   0.000000000000000E+000   1.032058983802352E-002
        1.703000080888160   0.000000000000000E+000   1.028052417490383E-002
        1.705000080983155   0.000000000000000E+000   1.024070260697388E-002
        1.707000081078149   0.000000000000000E+000   1.020112307289046E-002
        1.709000081173144   0.000000000000000E+000   1.016178353377508E-002
        1.711000081268139   0.000000000000000E+000   1.012268197291250E-002
        1.713000081363134   0.000000000000000E+000   1.008381639545433E-002
        1.715000081458129   0.000000000000000E+000   1.004518482812717E-002
        1.717000081553124   0.000000000000000E+000   1.000678531894544E-002
        1.719000081648119   0.000000000000000E+000   9.968615936928774E-003
        1.721000081743114   0.000000000000000E+000   9.930674771823871E-003
        1.723000081838109   0.000000000000000E+000   9.892959933830707E-003
        1.725000081933104   0.000000000000000E+000   9.855469553333067E-003
        1.727000082028098   0.000000000000000E+000   9.818201780633303E-003
        1.729000082123093   0.000000000000000E+000   9.781154785691264E-003
        1.731000082218088   0.000000000000000E+000   9.744326757867215E-003
        1.733000082313083   0.000000000000000E+000   9.707715905668830E-003
        1.735000082408078   0.000000000000000E+000   9.671320456502068E-003
        1.737000082503073   0.000000000000000E+000   9.635138656426049E-003
        1.739000082598068   0.000000000000000E+000   9.599168769911367E-003
        1.741000082693063   0.000000000000000E+000   9.563409079602615E-003
        1.743000082788058   0.000000000000000E+000   9.527857886084089E-003
        1.745000082883053   0.000000000000000E+000   9.492513507649269E-003
        1.747000082978047   0.000000000000000E+000   9.457374280074104E-003
        1.749000083073042   0.000000000000000E+000   9.422438556393173E-003
        1.751000083168037   0.000000000000000E+000   9.387704706679750E-003
        1.753000083263032   0.000000000000000E+000   9.353171117828994E-003
        1.755000083358027   0.000000000000000E+000   9.318836193344400E-003
        1.757000083453022   0.000000000000000E+000   9.284698353127596E-003
        1.759000083548017   0.000000000000000E+000   9.250756033271135E-003
        1.761000083643012   0.000000000000000E+000   9.217007685854603E-003
        1.763000083738007   0.000000000000000E+000   9.183451778743615E-003
        1.765000083833002   0.000000000000000E+000   9.150086795391836E-003
        1.767000083927997   0.000000000000000E+000   9.116911234646145E-003
        1.769000084022991   0.000000000000000E+000   9.083923610554368E-003
        1.771000084117986   0.000000000000000E+000   9.051122452176166E-003
        1.773000084212981   0.000000000000000E+000   9.018506303396529E-003
        1.775000084307976   0.000000000000000E+000   8.986073722742143E-003
        1.777000084402971   0.000000000000000E+000   8.953823283200454E-003
        1.779000084497966   0.000000000000000E+000   8.921753572041198E-003
        1.781000084592961   0.000000000000000E+000   8.889863190640883E-003
        1.783000084687956   0.000000000000000E+000   8.858150754309582E-003
        1.785000084782951   0.000000000000000E+000   8.826614892120277E-003
        1.787000084877946   0.000000000000000E+000   8.795254246740868E-003
        1.789000084972940   0.000000000000000E+000   8.764067474268337E-003
        1.791000085067935   0.000000000000000E+000   8.733053244065656E-003
        1.793000085162930   0.000000000000000E+000   8.702210238600650E-003
        1.795000085257925   0.000000000000000E+000   8.671537153287660E-003
        1.797000085352920   0.000000000000000E+000   8.641032696331021E-003
        1.799000085447915   0.000000000000000E+000   8.610695588571049E-003
        1.801000085542910   0.000000000000000E+000   8.580524563332278E-003
        1.803000085637905   0.000000000000000E+000   8.550518366273577E-003
        1.805000085732900   0.000000000000000E+000   8.520675755240804E-003
        1.807000085827895   0.000000000000000E+000   8.490995500121164E-003
        1.809000085922889   0.000000000000000E+000   8.461476382699940E-003
        1.811000086017884   0.000000000000000E+000   8.432117196519066E-003
        1.813000086112879   0.000000000000000E+000   8.402916746737727E-003
        1.815000086207874   0.000000000000000E+000   8.373873849995040E-003
        1.817000086302869   0.000000000000000E+000   8.344987334274542E-003
        1.819000086397864   0.000000000000000E+000   8.316256038770545E-003
        1.821000086492859   0.000000000000000E+000   8.287678813756574E-003
        1.823000086587854   0.000000000000000E+000   8.259254520455388E-003
        1.825000086682849   0.000000000000000E+000   8.230982030910912E-003
        1.827000086777844   0.000000000000000E+000   8.202860227862093E-003
        1.829000086872838   0.000000000000000E+000   8.174888004618222E-003
        1.831000086967833   0.000000000000000E+000   8.147064264936254E-003
        1.833000087062828   0.000000000000000E+000   8.119387922899631E-003
        1.835000087157823   0.000000000000000E+000   8.091857902798837E-003
        1.837000087252818   0.000000000000000E+000   8.064473139013650E-003
        1.839000087347813   0.000000000000000E+000   8.037232575896959E-003
        1.841000087442808   0.000000000000000E+000   8.010135167660134E-003
        1.843000087537803   0.000000000000000E+000   7.983179878260015E-003
        1.845000087632798   0.000000000000000E+000   7.956365681287445E-003
        1.847000087727793   0.000000000000000E+000   7.929691559857269E-003
        1.849000087822788   0.000000000000000E+000   7.903156506499918E-003
        1.851000087917782   0.000000000000000E+000   7.876759523054314E-003
        1.853000088012777   0.000000000000000E+000   7.850499620562357E-003
        1.855000088107772   0.000000000000000E+000   7.824375819164797E-003
        1.857000088202767   0.000000000000000E+000   7.798387147998368E-003
        1.859000088297762   0.000000000000000E+000   7.772532645094671E-003
        1.861000088392757   0.000000000000000E+000   7.746811357279903E-003
        1.863000088487752   0.000000000000000E+000   7.721222340076346E-003
        1.865000088582747   0.000000000000000E+000   7.695764657604887E-003
        1.867000088677742   0.000000000000000E+000   7.670437382489179E-003
        1.869000088772737   0.000000000000000E+000   7.645239595760568E-003
        1.871000088867731   0.000000000000000E+000   7.620170386764806E-003
        1.873000088962726   0.000000000000000E+000   7.595228853069558E-003
        1.875000089057721   0.000000000000000E+000   7.570414100373491E-003
        1.877000089152716   0.000000000000000E+000   7.545725242416333E-003
        1.879000089247711   0.000000000000000E+000   7.521161400890079E-003
        1.881000089342706   0.000000000000000E+000   7.496721705351619E-003
        1.883000089437701   0.000000000000000E+000   7.472405293136214E-003
        1.885000089532696   0.000000000000000E+000   7.448211309272318E-003
        1.887000089627691   0.000000000000000E+000   7.424138906397387E-003
        1.889000089722686   0.000000000000000E+000   7.400187244674772E-003
        1.891000089817680   0.000000000000000E+000   7.376355491711824E-003
        1.893000089912675   0.000000000000000E+000   7.352642822478915E-003
        1.895000090007670   0.000000000000000E+000   7.329048419229556E-003
        1.897000090102665   0.000000000000000E+000   7.305571471421559E-003
        1.899000090197660   0.000000000000000E+000   7.282211175639201E-003
        1.901000090292655   0.000000000000000E+000   7.258966735516420E-003
        1.903000090387650   0.000000000000000E+000   7.235837361660879E-003
        1.905000090482645   0.000000000000000E+000   7.212822271579164E-003
        1.907000090577640   0.000000000000000E+000   7.189920689602806E-003
        1.909000090672635   0.000000000000000E+000   7.167131846815333E-003
        1.911000090767629   0.000000000000000E+000   7.144454980980124E-003
        1.913000090862624   0.000000000000000E+000   7.121889336469384E-003
        1.915000090957619   0.000000000000000E+000   7.099434164193790E-003
        1.917000091052614   0.000000000000000E+000   7.077088721533161E-003
        1.919000091147609   0.000000000000000E+000   7.054852272268036E-003
        1.921000091242604   0.000000000000000E+000   7.032724086511917E-003
        1.923000091337599   0.000000000000000E+000   7.010703440644605E-003
        1.925000091432594   0.000000000000000E+000   6.988789617246169E-003
        1.927000091527589   0.000000000000000E+000   6.966981905031921E-003
        1.929000091622584   0.000000000000000E+000   6.945279598788011E-003
        1.931000091717579   0.000000000000000E+000   6.923681999308012E-003
        1.933000091812573   0.000000000000000E+000   6.902188413330086E-003
        1.935000091907568   0.000000000000000E+000   6.880798153475191E-003
        1.937000092002563   0.000000000000000E+000   6.859510538185777E-003
        1.939000092097558   0.000000000000000E+000   6.838324891665428E-003
        1.941000092192553   0.000000000000000E+000   6.817240543819161E-003
        1.943000092287548   0.000000000000000E+000   6.796256830194524E-003
        1.945000092382543   0.000000000000000E+000   6.775373091923339E-003
        1.947000092477538   0.000000000000000E+000   6.754588675664186E-003
        1.949000092572533   0.000000000000000E+000   6.733902933545677E-003
        1.951000092667528   0.000000000000000E+000   6.713315223110212E-003
        1.953000092762522   0.000000000000000E+000   6.692824907258705E-003
        1.955000092857517   0.000000000000000E+000   6.672431354195735E-003
        1.957000092952512   0.000000000000000E+000   6.652133937375480E-003
        1.959000093047507   0.000000000000000E+000   6.631932035448250E-003
        1.961000093142502   0.000000000000000E+000   6.611825032207783E-003
        1.963000093237497   0.000000000000000E+000   6.591812316539010E-003
        1.965000093332492   0.000000000000000E+000   6.571893282366601E-003
        1.967000093427487   0.000000000000000E+000   6.552067328603931E-003
        1.969000093522482   0.000000000000000E+000   6.532333859102941E-003
        1.971000093617477   0.000000000000000E+000   6.512692282604396E-003
        1.973000093712471   0.000000000000000E+000   6.493142012688693E-003
        1.975000093807466   0.000000000000000E+000   6.473682467727445E-003
        1.977000093902461   0.000000000000000E+000   6.454313070835530E-003
        1.979000093997456   0.000000000000000E+000   6.435033249823660E-003
        1.981000094092451   0.000000000000000E+000   6.415842437151679E-003
        1.983000094187446   0.000000000000000E+000   6.396740069882202E-003
        1.985000094282441   0.000000000000000E+000   6.377725589634940E-003
        1.987000094377436   0.000000000000000E+000   6.358798442541567E-003
        1.989000094472431   0.000000000000000E+000   6.339958079201073E-003
        1.991000094567426   0.000000000000000E+000   6.321203954635572E-003
        1.993000094662421   0.000000000000000E+000   6.302535528246805E-003
        1.995000094757415   0.000000000000000E+000   6.283952263773002E-003
        1.997000094852410   0.000000000000000E+000   6.265453629246296E-003
        1.999000094947405   0.000000000000000E+000   6.247039096950647E-003
