         956         507
         797         404
         922         484
         796         403
         786         397
         923         485
         795         402
         777         390
         787         398
         924         486
         794         419
         776         389
         758         378
         788         399
         925         487
         821         388
         775         377
         757         379
         759         400
         789         386
         926         376
         774         381
         756         384
         752         382
         760         383
         790         350
         772         270
         755         333
         753         269
         764         264
         770         334
         754         268
         765         258
         768         265
         766         335
         767         282
         710         257
         580         248
         683         266
         579         256
         570         247
         684         250
         578         254
         562         251
         571         252
         685         508
         577         506
         561         405
         545         227
         572         483
         686         401
         600         168
         560         213
         544         481
         546         418
         573         167
         559         164
         543         214
         541         488
         550         176
         557         159
         542         165
         551         215
         555         420
         552         158
         553         153
         957         166
         955         480
         798         371
         507         156
         921         154
         791         395
         404         370
         484         155
         916         380
         793         375
         403         385
         397         351
         485         349
         917         271
         820         139
         402         332
         390         267
         398          97
         486         130
         927         336
         419         281
         389          96
         378          94
         399         131
         487         103
         822          90
         388          95
         377         331
         379         283
         400          89
         915          86
         745         262
         386         244
         376          87
         381         249
         784         246
         744         253
         384         509
         382         495
         763         505
         743         406
         383         228
         761         226
         751         482
         769         417
         711         169
         709          76
         581         212
         350         489
         682         175
         574          49
         270          69
         333         216
         680         409
         576          52
         269          47
         264          70
         334         467
         687         177
         599          44
         268          48
         258         211
         265         421
         335         150
         282          43
         257         162
         248         479
         266         372
         679         152
         601         157
         256         393
         247         374
         250         365
         568         387
         536         352
         254         340
         251         348
         549         272
         535         140
         252         138
         547         337
         540         280
         554          98
         958          37
         940         132
         954         102
         799          21
         508          34
         506         320
         920         274
         792          23
         405          20
         227         129
         483         104
         918          18
         819          92
         401         330
         168         284
         213          85
         481          88
         928         260
         418         245
         167         240
         164         255
         214         510
         488         496
         807         494
         176         504
         159         416
         165         229
         215         219
         898         225
         420         490
         158         174
         153          77
         166          75
         480         217
         823         408
         371          51
         156          14
         154          71
         395         468
         914         170
         746           7
         370          12
         155         202
         380         410
         782          53
         742           6
         375          68
         385         466
         762         178
         750          42
         734          45
         771         210
         712         422
         696         151
         708         148
         582         160
         351         478
         349         373
         681         364
         575         366
         271         391
         139         353
         332         341
         688         339
         598         347
         267         279
          97         141
         130         133
         336         137
         281         101
          96          38
          94          36
         131         321
         664         273
         588          22
         103           4
          90         122
          95          99
         331           2
         283          33
          89         319
          86         275
         262          24
         678          19
         602         128
         244         106
          87          84
         249          91
         566         329
         537         288
         246         243
         253         241
         548         259
         539         517
         528         497
         556         491
         959         493
         941         503
         939         233
         953         220
         800         218
         509         224
         495         415
         505          79
         919          72
         818          74
         406         469
         228         173
         226          15
         482          13
         929         203
         417         407
         169          50
          76           1
         212          63
         489         461
         806         171
         175           8
          49          11
          69         201
         216         411
         899          54
         409          46
          52          67
          47         465
          70         180
         467         149
         808         161
         177         209
          44         426
          48         369
         211         367
         897         392
         421         477
         150         357
          43         342
         162         338
         479         346
         824         143
         372         134
         152         136
         157         322
         393         278
         913          39
         747          35
         374         123
         365         100
         387           5
         780          30
         749         316
         733         276
         735          25
         773           3
         713         121
         697         107
         695          26
         707          32
         583         318
         352         289
         340         105
         348          93
         689         127
         597         287
         272         242
         140         261
         138         328
         337         518
         280         498
          98         492
          37         502
         132         516
         665         234
         587         221
         102         223
          21         470
          34         232
         320          80
         274          73
          23         204
          20         414
         129          78
         663          16
         589          64
         104         462
          18         172
          92          17
         330          10
         284         200
          85         412
          88          55
         260           9
         677          66
         603         464
         245         181
         240          56
         255          57
         564         208
         538         427
         527         179
         529         163
         558         186
         960         476
         942         425
         932         368
         938         394
         952         436
         817         358
         510         343
         496         345
         494         356
         504         144
         930         135
         416         315
         229         142
         219          40
         225         120
         490         323
         805         277
         174          41
          77          29
          75         124
         217         108
         900          28
         408          31
          51         317
          14         290
          71         109
         468          27
         801         126
         170         285
           7         110
          12         111
         202         327
         888         286
         410         263
          53         296
           6         519
          68         499
         466         501
         809         511
         178         235
          42         222
          45         460
         210         515
         896         230
         422          81
         151         199
         148         471
         160         231
         478          82
         825          62
         373         205
         364         413
         366          83
         391          60
         912          65
         748         463
         732         182
         730          61
         736          59
         778         207
         714         428
         698         183
         690          58
         694         185
         706         475
         596         423
         353         184
         341         187
         339         435
         347         424
         279         396
         141         437
         133         359
         137         344
         666         354
         586         145
         101         314
          38         355
          36         146
         321         119
         273         310
          22         147
           4         116
         122         118
         656         324
         584         291
          99         117
           2         115
          33         125
         319         292
         275         112
          24         114
          19         326
         128         293
         662         113
         590         295
         106         294
          84         297
          91         520
         329         500
         288         512
         243         236
         241         459
         259         513
         676         237
         610         198
         534         455
         526         514
         530         238
         563         194
         971         197
         943         472
         933         239
         931         195
         937         193
         951         206
         517         429
         497         196
         491         188
         493         192
         503         474
         816         430
         233         189
         220         191
         218         434
         224         431
         901         190
         415         433
          79         432
          72         438
          74         360
         469         361
         804         313
         173         362
          15         307
          13         312
         203         363
         889         308
         407         306
          50         311
           1         309
          63         299
         461         305
         802         325
         171         300
           8         298
          11         304
         201         301
         887         303
         411         302
          54         521
          46         522
          67         458
         465         523
         810         451
         180         457
         149         524
         161         452
         209         450
         895         456
         426         525
         369         453
         367         441
         392         449
         477         473
         832         454
         741         442
         731         440
         737         448
         779         443
         911         439
         721         447
         699         444
         691         446
         693         445
         705           0
         357           0
         342           0
         338           0
         346           0
         667           0
         595           0
         143           0
         134           0
         136           0
         322           0
         278           0
          39           0
          35           0
         123           0
         657           0
         585           0
         100           0
           5           0
          30           0
         316           0
         276           0
          25           0
           3           0
         121           0
         655           0
         591           0
         107           0
          26           0
          32           0
         318           0
         289           0
         105           0
          93           0
         127           0
         661           0
         611           0
         287           0
         242           0
         261           0
         328           0
         609           0
         533           0
         531           0
         565           0
         675           0
         972           0
         944           0
         934           0
         936           0
         950           0
         970           0
         518           0
         498           0
         492           0
         502           0
         902           0
         516           0
         234           0
         221           0
         223           0
         470           0
         815           0
         232           0
          80           0
          73           0
         204           0
         890           0
         414           0
          78           0
          16           0
          64           0
         462           0
         803           0
         172           0
          17           0
          10           0
         200           0
         886           0
         412           0
          55           0
           9           0
          66           0
         464           0
         811           0
         181           0
          56           0
          57           0
         208           0
         894           0
         427           0
         179           0
         163           0
         186           0
         476           0
         833           0
         425           0
         368           0
         394           0
         436           0
         910           0
         831           0
         740           0
         738           0
         781           0
         847           0
         722           0
         700           0
         692           0
         704           0
         720           0
         358           0
         343           0
         345           0
         654           0
         356           0
         144           0
         135           0
         315           0
         668           0
         594           0
         142           0
          40           0
         120           0
         323           0
         277           0
          41           0
          29           0
         124           0
         658           0
         592           0
         108           0
          28           0
          31           0
         317           0
         290           0
         109           0
          27           0
         126           0
         660           0
         612           0
         285           0
         110           0
         111           0
         327           0
         604           0
         286           0
         263           0
         296           0
         674           0
         608           0
         532           0
         567           0
         622           0
         973           0
         945           0
         935           0
         949           0
         962           0
         519           0
         499           0
         501           0
         885           0
         969           0
         511           0
         235           0
         222           0
         460           0
         903           0
         515           0
         230           0
          81           0
         199           0
         471           0
         814           0
         231           0
          82           0
          62           0
         205           0
         891           0
         413           0
          83           0
          60           0
          65           0
         463           0
         812           0
         182           0
          61           0
          59           0
         207           0
         893           0
         428           0
         183           0
          58           0
         185           0
         475           0
         834           0
         423           0
         184           0
         187           0
         435           0
         909           0
         826           0
         424           0
         396           0
         437           0
         846           0
         830           0
         739           0
         783           0
         848           0
         723           0
         701           0
         703           0
         715           0
         359           0
         344           0
         653           0
         719           0
         354           0
         145           0
         314           0
         646           0
         355           0
         146           0
         119           0
         310           0
         669           0
         593           0
         147           0
         116           0
         118           0
         324           0
         291           0
         117           0
         115           0
         125           0
         659           0
         613           0
         292           0
         112           0
         114           0
         326           0
         605           0
         293           0
         113           0
         295           0
         673           0
         606           0
         294           0
         297           0
         621           0
         607           0
         569           0
         623           0
         974           0
         946           0
         948           0
         963           0
         520           0
         500           0
         884           0
         961           0
         512           0
         236           0
         459           0
         877           0
         968           0
         513           0
         237           0
         198           0
         455           0
         904           0
         514           0
         238           0
         194           0
         197           0
         472           0
         813           0
         239           0
         195           0
         193           0
         206           0
         892           0
         429           0
         196           0
         188           0
         192           0
         474           0
         835           0
         430           0
         189           0
         191           0
         434           0
         908           0
         827           0
         431           0
         190           0
         433           0
         845           0
         828           0
         432           0
         438           0
         841           0
         829           0
         785           0
         849           0
         724           0
         702           0
         716           0
         360           0
         652           0
         717           0
         361           0
         313           0
         645           0
         718           0
         362           0
         307           0
         312           0
         647           0
         363           0
         308           0
         306           0
         311           0
         670           0
         614           0
         309           0
         299           0
         305           0
         325           0
         615           0
         300           0
         298           0
         304           0
         672           0
         616           0
         301           0
         303           0
         620           0
         617           0
         302           0
         619           0
         618           0
         624           0
         975           0
         947           0
         964           0
         521           0
         883           0
         965           0
         522           0
         458           0
         876           0
         966           0
         523           0
         451           0
         457           0
         878           0
         967           0
         524           0
         452           0
         450           0
         456           0
         905           0
         525           0
         453           0
         441           0
         449           0
         473           0
         836           0
         454           0
         442           0
         440           0
         448           0
         907           0
         837           0
         443           0
         439           0
         447           0
         844           0
         838           0
         444           0
         446           0
         843           0
         839           0
         445           0
         842           0
         840           0
         850           0
         725           0
         726           0
         651           0
         727           0
         641           0
         650           0
         728           0
         642           0
         640           0
         649           0
         729           0
         643           0
         629           0
         639           0
         648           0
         644           0
         630           0
         628           0
         638           0
         671           0
         631           0
         625           0
         627           0
         637           0
         632           0
         626           0
         636           0
         633           0
         635           0
         634           0
         976           0
         977           0
         882           0
         978           0
         871           0
         881           0
         979           0
         872           0
         870           0
         880           0
         980           0
         873           0
         857           0
         869           0
         879           0
         981           0
         874           0
         858           0
         856           0
         868           0
         906           0
         875           0
         859           0
         851           0
         855           0
         867           0
         860           0
         852           0
         854           0
         866           0
         861           0
         853           0
         865           0
         862           0
         864           0
         863           0
