           1         730         526
           2         731         527
           3         732         528
           4         733         529
           5         734         530
           6         735         531
           7         736         532
           8         737         533
           9         738         534
          10         739         535
          11         740         536
          12         741         537
          13         742         538
          14         743         539
          15         744         540
          16         745         541
          17         746         542
          18         747         543
          19         748         544
          20         749         545
          21         750         546
          22         751         547
          23         752         548
          24         753         549
          25         754         550
          26         755         551
          27         756         552
          28         757         553
          29         758         554
          30         759         555
          31         760         556
          32         761         557
          33         762         558
          34         763         559
          35         764         560
          36         765         561
          37         766         562
          38         767         563
          39         768         564
          40         769         565
          41         770         566
          42         771         567
          43         772         568
          44         773         569
          45         774         570
          46         775         571
          47         776         572
          48         777         573
          49         778         574
          50         779         575
          51         780         576
          52         781         577
          53         782         578
          54         783         579
          55         784         580
          56         785         581
          57         786         582
          58         787         583
          59         788         584
          60         789         585
          61         790         586
          62         791         587
          63         792         588
          64         793         589
          65         794         590
          66         795         591
          67         796         592
          68         797         593
          69         798         594
          70         799         595
          71         800         596
          72         801         597
          73         802         598
          74         803         599
          75         804         600
          76         805         601
          77         806         602
          78         807         603
          79         808         604
          80         809         605
          81         810         606
          82         811         607
          83         812         608
          84         813         609
          85         814         610
          86         815         611
          87         816         612
          88         817         613
          89         818         614
          90         819         615
          91         820         616
          92         821         617
          93         822         618
          94         823         619
          95         824         620
          96         825         621
          97         826         622
          98         827         623
          99         828         624
         100         829         625
         101         830         626
         102         831         627
         103         832         628
         104         833         629
         105         834         630
         106         835         631
         107         836         632
         108         837         633
         109         838         634
         110         839         635
         111         840         636
         112         841         637
         113         842         638
         114         843         639
         115         844         640
         116         845         641
         117         846         642
         118         847         643
         119         848         644
         120         849         645
         121         850         646
         122         851         647
         123         852         648
         124         853         649
         125         854         650
         126         855         651
         127         856         652
         128         857         653
         129         858         654
         130         859         655
         131         860         656
         132         861         657
         133         862         658
         134         863         659
         135         864         660
         136         865         661
         137         866         662
         138         867         663
         139         868         664
         140         869         665
         141         870         666
         142         871         667
         143         872         668
         144         873         669
         145         874         670
         146         875         671
         147         876         672
         148         877         673
         149         878         674
         150         879         675
         151         880         676
         152         881         677
         153         882         678
         154         883         679
         155         884         680
         156         885         681
         157         886         682
         158         887         683
         159         888         684
         160         889         685
         161         890         686
         162         891         687
         163         892         688
         164         893         689
         165         894         690
         166         895         691
         167         896         692
         168         897         693
         169         898         694
         170         899         695
         171         900         696
         172         901         697
         173         902         698
         174         903         699
         175         904         700
         176         905         701
         177         906         702
         178         907         703
         179         908         704
         180         909         705
         181         910         706
         182         911         707
         183         912         708
         184         913         709
         185         914         710
         186         915         711
         187         916         712
         188         917         713
         189         918         714
         190         919         715
         191         920         716
         192         921         717
         193         922         718
         194         923         719
         195         924         720
         196         925         721
         197         926         722
         198         927         723
         199         928         724
         200         929         725
         201         930         726
         202         931         727
         203         932         728
         204         933         729
         205         934     6815746
         206         935   151519659
         207         936   335407080
         208         937   335407920
         209         938      131074
         210         939   151519657
         211         940   335407912
         212         941   335407936
         213         942      131075
         214         943   151781799
         215         944   335407928
         216         945   335407956
         217         946           2
         218         947           0
         219         948      196611
         220         949   152043940
         221         950   335408192
         222         951   335407976
         223         952           4
         224         953           5
         225         954      196611
         226         955   151519649
         227         956   335407944
         228         957   335408008
         229         958           2
         230         959           3
         231         960      196612
         232         961   151781822
         233         962   335407992
         234         963   335408036
         235         964           2
         236         965           3
         237         966           4
         238         967     3342712
         239         968      262148
         240         969   152306106
         241         970   335407968
         242         971   335408060
         243         972           1
         244         973           5
         245         974          11
         246         975           5
         247         976      262148
         248         977   151519670
         249         978   335408016
         250         979   335408104
         251         980           2
         252         981           3
         253     8388712           4
         254   151519539           5
         255   335406056      262149
         256   335407904   151781810
         257         526   335408080
         258         527   335408140
         259         528           2
         260         529           3
         261         530           4
         262         531           5
         263         532          11
         264         533           0
         265         534      327682
         266         535   151519565
         267         536   335408400
         268         537   335408160
         269         538      131075
         270         539   151781707
         271         540   335408152
         272         541   335408180
         273         542           1
         274         543          20
         275         544      196613
         276         545   151519560
         277         546   335408112
         278         547   335408224
         279         548           2
         280         549           3
         281         550           4
         282         551           5
         283         552          11
         284         553          14
         285         554      327683
         286         555   151519555
         287         556   335408048
         288         557   335408248
         289         558           1
         290         559           6
         291         560      196612
         292         561   151781696
         293         562   335408232
         294         563   335408276
         295         564           1
         296         565           6
         297         566           7
         298         567           0
         299         568      262148
         300         569   151519580
         301         570   335408256
         302         571   335408312
         303         572           1
         304         573           6
         305         574           7
         306         575           8
         307         576      262149
         308         577   151781720
         309         578   335408288
         310         579   335408348
         311         580           1
         312         581           6
         313         582           7
         314         583           8
         315         584          19
         316         585     3343528
         317         586      327685
         318         587   151519571
         319         588   335408320
         320         589   335408392
         321         590           1
         322         591           6
         323         592           7
         324         593           8
         325         594          19
         326         595          20
         327         596      327686
         328         597   151781742
         329         598   335408360
         330         599   335408436
         331         600           1
         332         601           6
         333         602           7
         334         603           8
         335         604          19
         336         605          20
         337         606          24
         338         607     3343440
         339         608      393219
         340         609   152043880
         341         610   335408560
         342         611   335408456
         343         612          10
         344         613           9
         345         614      196611
         346         615   151519589
         347         616   335408168
         348         617   335408488
         349         618           1
         350         619           9
         351         620      196612
         352         621   151781730
         353         622   335408472
         354         623   335408516
         355         624           1
         356         625           9
         357         626          10
         358         627     3343360
         359         628      262148
         360         629   152306046
         361         630   335408448
         362         631   335408540
         363         632           1
         364         633           9
         365         634          10
         366         635           0
         367         636      262148
         368         637   151519610
         369         638   335408496
         370         639   335408584
         371         640           1
         372         641           9
         373         642          10
         374         643          11
         375         644      262147
         376         645   152043894
         377         646   335408704
         378         647   335408600
         379         648          13
         380         649          12
         381         650      196611
         382         651   151519603
         383         652   335408528
         384         653   335408632
         385         654           1
         386         655          12
         387         656      196612
         388         657   151781744
         389         658   335408616
         390         659   335408660
         391         660           1
         392         661          12
         393         662          13
         394         663     3343216
         395         664      262148
         396         665   152305932
         397         666   335408592
         398         667   335408684
         399         668           1
         400         669          12
         401         670          13
         402         671           0
         403         672      262148
         404         673   151519496
         405         674   335408640
         406         675   335408728
         407         676           1
         408         677          12
         409         678          13
         410         679          14
         411         680      262147
         412         681   152043780
         413         682   335409000
         414         683   335408744
         415         684          16
         416         685          17
         417         686      196611
         418         687   151519489
         419         688   335408672
         420         689   335408776
         421         690           1
         422         691          15
         423         692      196612
         424         693   151781662
         425         694   335408760
         426         695   335408804
         427         696           1
         428         697          15
         429         698          16
         430         699     3343072
         431         700      262148
         432         701   152305946
         433         702   335408736
         434         703   335408828
         435         704           2
         436         705          17
         437         706          29
         438         707          35
         439         708      262148
         440         709   151519510
         441         710   335408784
         442         711   335408872
         443         712           1
         444         713          15
         445         714          16
         446         715          17
         447         716      262149
         448         717   151781650
         449         718   335408848
         450         719   335408908
         451         720           1
         452         721          15
         453         722          16
         454         723          17
         455         724          29
         456         725           0
         457         726      327683
         458         727   151781677
         459         728   335409136
         460         729   335408932
         461     6815746           2
         462   151519659          18
         463   335407080      196610
         464   335407920   151519530
         465      131074   300417312
         466   151519657   335408952
         467   335407912      131077
         468   335407936   151519528
         469      131075   335408880
         470   151781799   335408992
         471   335407928           1
         472   335407956          15
         473           2          16
         474           0          17
         475      196611          29
         476   152043940          35
         477   335408192      327686
         478   335407976   151781667
         479           4   335408960
         480           5   335409036
         481      196611           1
         482   151519649          15
         483   335407944          16
         484   335408008          17
         485           2          29
         486           3          35
         487      196612          40
         488   151781822           0
         489   335407992      393219
         490   335408036   151519549
         491           2   335408816
         492           3   335409064
         493           4           2
         494     3342712          18
         495      262148      196612
         496   152306106   151781690
         497   335407968   335409048
         498   335408060   335409092
         499           1           2
         500           5          18
         501          11          19
         502           5           0
         503      262148      262148
         504   151519670   151519542
         505   335408016   335409072
         506   335408104   335409128
         507           2           2
         508           3          18
         509           4          19
         510           5          20
         511      262149      262147
         512   151781810   152043826
         513   335408080   335409104
         514   335408140   335409144
         515           2           0
         516           3           0
         517           4      196612
         518           5   151519695
         519          11   300510960
         520           0   335409184
         521      327682         524
         522   151519565         966
         523   335408400         979
         524   335408160         980
         525      131075      262147
