        1.390294768860846        1.385936276797022        1.386439845501241
        1.249226332997113        1.526333826673134        1.245187795383443
        1.524693433095546        1.525306150961697        1.529736437480258
        1.528955497001977        1.248026206765871        1.247134483414356
        1.246914902588871        1.243705429975411        1.524146883799108
        1.383204582584714        1.665815235776355        1.104643930880501
        1.106622766995277        1.384549391529426        1.106453028912396
        1.110779176555016        1.664917032985535        1.387952773829118
        1.384880836716592        1.660166842890623        1.662467130119110
        1.663367982420742        1.391191141746723        1.663562245219858
        1.665387892502432        1.660834818887599        1.388289249338610
        1.663716423823001        1.385414921285719        1.113045853971673
        1.661745218916993        1.111917679072208        1.383509364791000
        1.384975350752588        1.111016027727795        1.110716924585851
        1.105661826104476        1.106385242237809        1.383931615918017
        1.386127526284951        1.109483332258061        1.663513699173741
        1.109295862779083        1.385752639622032        1.667617810832618
        1.248513670114267        1.799533746909422   9.665340863300836E-001
        1.522894860390422        1.799644894818406        1.245601326093808
        1.522829676886953        1.522951915907691   9.723715530479415E-001
        1.249233066749370        1.249612422592998   9.688784304269236E-001
   9.710380868259884E-001        1.242815577489289        1.247647668586460
   9.678635002532672E-001        1.527735018922218   9.680525590881268E-001
   9.678766759261568E-001        1.800033477662691        1.244828292388559
   9.686163199021827E-001        1.526136779389971        1.526509823849264
        1.250381551906350        1.798565024564867        1.528235977428141
        1.522505633149334        1.799083693211173        1.803870945343417
        1.252947407621073        1.524497792818694        1.802352371828954
        1.522637126432289        1.250613736194417        1.800501674967759
        1.801081151562053        1.248586689711136        1.524301195197226
        1.799017285079014        1.527074172637019        1.799503358355769
        1.806275699797810        1.801049051289228        1.524627312265551
        1.801170438250391        1.520453817498187        1.247199939692911
        1.801966661296008        1.247691574005999   9.706064739182178E-001
        1.524531840684726   9.738115629835868E-001        1.524052200973662
        1.800061299675693   9.716448597137750E-001        1.245543860882314
        1.528473748591158   9.700999470866506E-001   9.702664578695897E-001
        1.244107914514226   9.730940712780564E-001        1.249746889706196
   9.696866093069508E-001   9.698971523253803E-001        1.519033694122541
        1.246539654940335   9.740456428294225E-001        1.802365106783641
   9.709083860334808E-001        1.246265085663946        1.806764701235931
        1.109020909916083        1.940362537259036        1.104000328445761
        1.385980302301720        1.935749072905588   8.320468421245580E-001
        1.106250282024150        1.665194156509476   8.347492832790483E-001
        1.664995380065086        1.939147737915040        1.106719185010502
        1.384291841816519        1.938875837588481        1.388019937303708
        1.383954685257620        1.384325193333440   8.339847775011388E-001
        1.663026216697897        1.667197733048984   8.316544690531632E-001
        1.108640476640442        1.113379159854458   8.315555887041801E-001
   8.312838083866402E-001        1.385938808030799        1.382288808807630
   8.332820109396181E-001        1.110839833257136        1.112043202098106
   8.366591410765278E-001        1.387011574502818   8.323018055087765E-001
   8.285481792038828E-001        1.661761419430790        1.104516125439289
   8.307524329307883E-001        1.944516030984578        1.386054404762283
   8.304571824301347E-001        1.663388401332528        1.663598801690199
        1.108889044359554        1.941088145284435        1.660107593541400
        1.665048100010949        1.938214173336311        1.661358209736388
        1.385695806780600        1.940845961315557        1.945324968246540
        1.662742427441149        1.657377466659627        1.940008942797588
        1.383996121726261        1.388275591531361        1.943043738386599
        1.112884173414564        1.663463663520952        1.940507579508859
        1.663256553412206        1.109336333804834        1.940468372193044
        1.937250123967894        1.387544043323439        1.383720412837994
        1.940617770444425        1.109463862792261        1.662114064852695
        1.940063970154828        1.390022676796524        1.940714220005477
        1.934696118612602        1.662632880372817        1.663199258668668
        1.939712439367494        1.940083582386665        1.390916822893932
        1.938355878399556        1.660998730730312        1.107027835357782
        1.666731508450155        1.107020862762791   8.296540988454682E-001
        1.942566085267003        1.386638146268128   8.338098484343153E-001
        1.939774829358120        1.109416335709006        1.108829241723985
        1.382646977800611   8.322552100328196E-001        1.385942062990373
        1.665326493154911   8.294749513654903E-001        1.661147876205690
        1.940163207755067   8.277066557315012E-001        1.385869461766085
        1.666509019682538   8.291619900004237E-001        1.106668177456491
        1.384611570091194   8.300269584789400E-001   8.336418463961837E-001
        1.109424102402328   8.301160329160208E-001        1.111328324694467
   8.333646848680886E-001        1.106915533720226        1.665382508642664
   8.335674658944735E-001   8.293665029485871E-001        1.387530079408513
        1.108149307480563   8.322180397344856E-001        1.659375190904715
        1.384355353562584   8.296295716659555E-001        1.942633546135225
        1.106766053994389        1.111962707973373        1.943120155793378
   8.338989488709401E-001        1.383180987517640        1.938117424344842
        1.246797217104780        2.083359346268988        1.247093871134744
   9.697245245977254E-001        2.079798487713934   9.650827693730102E-001
        1.525129696953881        1.807131551883224   6.928108195905375E-001
        1.247302673618463        2.079360768930802   6.971729100184837E-001
        1.522789892594299        2.081462290731499   9.681404415071443E-001
   9.697972239895731E-001        1.801695221481837   6.999478482683574E-001
        1.244839938462426        1.523172459787187   6.959191156751992E-001
        1.801957883926024        2.079704667239230        1.251578304832203
        1.804211260136190        1.803331386793352   9.681203585311820E-001
        1.525080058757250        2.083361284931324        1.524646954443787
        1.524850581003716        1.246822006037409   6.965196646504271E-001
        1.803963360995417        1.523208422921534   6.948973634767709E-001
   9.698481444972955E-001        1.252358352497962   6.938171752757690E-001
        1.247335926815155   9.702303256038688E-001   6.930061092300914E-001
   9.687776474692309E-001   9.722297656261738E-001   9.725571792831171E-001
   6.942716756310522E-001        1.529685416359507        1.246105468135090
   6.893666313377491E-001        1.246724912899919        1.524978345038543
   6.936442887931763E-001   9.694249307383885E-001        1.248034884405493
   6.958617159570131E-001        1.246337199515667   9.688445067505532E-001
   6.937836404613726E-001        1.525014420105137   6.968193540067672E-001
   6.940437040736655E-001        1.803002919713066   9.709563824870736E-001
   9.691972761650322E-001        2.084393687756445        1.524472881564983
   6.880924633009500E-001        2.079652272673104        1.246490081319297
   6.912098841244139E-001        1.800859007975094        1.526104479315463
   6.945019018224807E-001        1.522152685617207        1.800443077598672
   9.669370725206309E-001        1.802261126825065        1.801576583577874
        1.249700996035009        2.080990324317483        1.804263706083845
        1.801575418478451        2.079527100454904        1.801643112246559
        1.247447929132066        1.807027070287961        2.080045846510374
        1.518488468426755        2.080659568604373        2.080001814506659
        1.801840224421652        1.796885052267540        2.079384816678711
        1.526517136633128        1.521968355277290        2.076408874465287
        1.244762746781075        1.249883846739589        2.076189190667910
   9.708478867515415E-001        1.520468378734360        2.079112977553648
        1.802411319867094        1.248328485951006        2.083075789796774
        1.526329977695336   9.680057634330107E-001        2.081116632076577
        1.804069752991845   9.714120637298856E-001        1.800200410748553
        2.074491750357399        1.525106826398197        1.524542708146663
        2.076887029516282        1.246185282695790        1.248909710354948
        2.080922272949366   9.707457469583523E-001        1.526417788381723
        2.079150638610152        1.244042063483190        1.802812661881640
        2.078584298132755        1.523825375473113        2.085277971242413
        2.076925030902464        1.799831944062735        1.799481241569178
        2.076620594460015        2.076380517256000        1.522547842932479
        2.076669695511316        1.803435396383693        1.249745653942598
        2.076074745484826        1.522580518149731   9.684067127179118E-001
        1.802335636807177   9.744879906482008E-001   6.914775266704116E-001
        2.078440329261440        1.247439801216411   6.924055868362566E-001
        2.078845478589581   9.732602386156264E-001   9.702460212107820E-001
        1.528434271215202   6.932195298161349E-001        1.247505255570138
        1.246795694994642   6.935262366186656E-001        1.524036039348601
        1.526689327606195   6.908116568272656E-001        1.804296511606611
        1.803093289714498   6.885037432365855E-001        1.525098644451730
        2.076656646969931   6.896916800648054E-001        1.244469385238984
        1.803290415137722   6.921352352747804E-001   9.747331464911764E-001
        1.525117136839178   6.932250752798134E-001   6.927435852408295E-001
        1.246393386443002   6.933103077842971E-001   9.709381488254337E-001
   9.644234785207437E-001   6.927366529072927E-001        1.247127429185231
   6.931911009514562E-001   9.706953709532949E-001        1.805945664461610
   6.981209413253311E-001   6.932321092811369E-001        1.524515339322595
   9.660160465002586E-001   6.934309102330252E-001        1.801878978577941
        1.249413008390941   6.901268310162270E-001        2.082307902648842
   9.711767125046634E-001   9.707491991620596E-001        2.074411751950183
   6.913437691645725E-001        1.249372299725836        2.076824932681295
        1.385779581872714        2.223736847005991        1.107736085165672
        1.103282852321495        2.218998108588207        1.385615176749874
   8.330602195188948E-001        1.937954630881752   8.348341499640947E-001
   8.310661428940884E-001        2.218433944965006        1.108216256463558
        1.106169737618762        2.221674242573882   8.337465839864904E-001
        1.387504054661698        1.665325145510929   5.568498519691679E-001
        1.660870433321332        1.939408702933992   5.529954459562132E-001
        1.388677201571751        2.220097275068235   5.532275484988545E-001
        1.106640008460804        1.938502569143820   5.572747007129405E-001
        1.663143281168118        2.223457657834529   8.316373432445207E-001
   8.321931247342445E-001        1.666696649031164   5.553759339918596E-001
        1.106325026456319        1.384460941430239   5.577183522349783E-001
        1.939675723164505        2.221908342262621        1.108588989347282
        1.663392474908753        2.223930189174184        1.385904592559643
        1.937701483923610        1.939097051550607   8.333515672017309E-001
        1.388622392012824        2.220283748862306        1.665891849996825
        1.387784821676726        1.106974851833884   5.525322660384889E-001
        1.665513555769452        1.383563177346944   5.532419308511832E-001
        1.940363105656061        1.663327828839493   5.513323258660874E-001
   8.317284783736459E-001        1.112879473258973   5.547463846181049E-001
        1.110478609084468   8.292475168565154E-001   5.515938191249946E-001
   8.290493267236196E-001   8.292106193574018E-001   8.341240243331126E-001
   5.565874789553900E-001        1.388118348344862        1.110530189139702
   5.568610211906305E-001        1.661167845924599        1.383720993884882
   5.522530920238563E-001        1.383760309544745        1.665769153606682
   5.520983728299047E-001        1.105333677342710        1.387813487913172
   5.574465413051334E-001   8.291312539506359E-001        1.106110542714822
   5.544407744706555E-001        1.108733608702387   8.330534140265508E-001
   5.542808486391704E-001        1.386526620499045   5.514836689940218E-001
   5.576858780904208E-001        1.667135078222325   8.351813956245570E-001
   5.564935075073192E-001        1.942680141671658        1.105099476788658
   8.287324482678069E-001        2.215391632941031        1.660266102113173
   5.575422466217537E-001        2.215573992852040        1.388054593932057
   5.551641863314258E-001        1.945125445605275        1.663454253473311
   5.523789773946474E-001        1.661319301085565        1.942278489870581
   8.291788253011143E-001        1.944040571526745        1.936948350221731
        1.111628784707166        2.219183600861900        1.943221370072024
        1.940398751531863        1.940193603644135        1.940696676677197
        1.940169061714150        2.218276437704448        1.658914808554362
        1.660729312768412        2.219737345895777        1.942639578494821
        1.386130127870960        1.662827150389297        2.213837444011851
        1.111673194028761        1.939378239606247        2.220093812266774
        1.385147648772872        2.217774977973357        2.218444941905253
        1.661052302034035        1.942235834307743        2.215484723721425
        1.941361482305569        1.658967003371975        2.220633141424563
        1.663704060775606        1.391845914701795        2.218504235251872
        1.382441758838749        1.109375727110714        2.217707556589848
        1.109795114639931        1.381439777979993        2.216676196258509
   8.319046562426801E-001        1.663080752965619        2.221323759013349
        1.945053284320063        1.109372119826237        2.218499149055370
        1.666768656178845   8.279441544812684E-001        2.216246033894350
        1.942601172891743   8.293440852516963E-001        1.942444203460274
        2.217404474006816        1.385866989261719        1.662808375612484
        2.219750311332702        1.665111800858366        1.388386590549186
        2.215732998665222        1.386997975790045        1.106912230942458
        2.217608077675954        1.108566963538151        1.385786240871298
        2.218387510880290   8.259538529389898E-001        1.663550065593814
        2.218030801817974        1.108757636292953        1.945954655243810
        2.214797218219864        1.382664559769311        2.215649926757475
        2.215627133609551        1.661021842380537        1.942814068482825
        2.219819431783564        1.942279321302829        1.661235142618129
        2.213898738233874        2.217921091807211        1.386549581678787
        2.217311789910272        1.940658553708186        1.108857136490213
        2.215640809844622        1.660881757019554   8.328908625539386E-001
        1.936601513525829   8.321300841429750E-001   8.318720861938378E-001
        1.665578812543932   8.333464260604724E-001   5.518123656111075E-001
        1.938783751391630        1.106561393734638   5.529894649324660E-001
        2.215803572619524        1.387622028616832   5.529061460407710E-001
        2.217459588870999        1.109860098026124   8.312395347780334E-001
        2.217891618232359   8.279972926103045E-001        1.108998095336058
        1.666652942426040   5.565070076560148E-001        1.388458321832065
        1.384684408579591   5.562079321018888E-001        1.107049535741983
        1.107537639316042   5.578743430497456E-001        1.386017677556289
        1.384580014710344   5.558579543140960E-001        1.661454329869986
        1.663922843399149   5.538878989156661E-001        1.946997614632906
        1.941107553263979   5.585970249215391E-001        1.663799239666227
        2.219659570499496   5.559526952376689E-001        1.384179154844277
        1.942356359426415   5.558523307379910E-001        1.106892530538467
        1.667342138286044   5.545712537088918E-001   8.319194599398371E-001
        1.384137433212320   5.563213550181267E-001   5.517570258610406E-001
        1.108363015380293   5.542000955910551E-001   8.353555442137338E-001
   8.303468120583318E-001   5.554877770926561E-001        1.109374988755719
   8.310619578289505E-001   8.364060987791084E-001        1.940935191212317
   5.549024981460921E-001        1.109053489750988        1.936332069633746
   5.569024422321115E-001   8.333708972801204E-001        1.661400910489720
   5.574718871304550E-001   5.531880256095972E-001        1.387561199593796
   8.268415450809362E-001   5.538723287530462E-001        1.663793431185369
        1.108038636940307   5.540986814273727E-001        1.944212184779166
        1.387731977254544   5.536992471741629E-001        2.214214900526978
        1.108937292545695   8.308760120722933E-001        2.217620660092853
   8.350821663374005E-001        1.109105592047555        2.216671268816925
   5.538831904759912E-001        1.390636934783837        2.217751507714728
        1.246073676265602        2.356582259253333   9.701312212449461E-001
        1.527445781901863        2.354161907799612        1.244267478855274
        1.247302683252523        2.352515439346523        1.524423365402178
   9.711308480104671E-001        2.358900889067589        1.248609721838881
   6.947610243577086E-001        2.081461219945750   6.955037493497275E-001
   6.908773361010220E-001        2.359830097811527   9.672089955499399E-001
   9.694595992352457E-001        2.357339971668673   6.945339302193917E-001
        1.245788664246305        1.799857783481959   4.139946842494079E-001
        1.524829039710089        1.524798544763930   4.159717215589228E-001
        1.799392626832159        2.077608413139160   6.944677658458867E-001
        1.799400667944786        1.805526309740753   4.185453300096310E-001
        1.530819051589934        2.079794061319542   4.161456949452185E-001
        1.247507091988736        2.360623682280151   4.172457353559775E-001
        1.526981851485149        2.358457658965595   6.952072042867555E-001
   9.678476583183260E-001        2.081536215014051   4.181274982610444E-001
        1.800154032171840        2.359318540269650   9.673802134272228E-001
   6.925698899993716E-001        1.801811412759725   4.157524293430636E-001
   9.736898090689784E-001        1.524336084884004   4.158025252547242E-001
        1.245196327157577        1.249021616589953   4.174966450598532E-001
        2.075472364648243        2.359474374212992        1.250989728842767
        2.078406141526011        2.079657270243667   9.665103720613386E-001
        1.799793768345850        2.359803926754273        1.522468731826924
        2.076868583699147        1.803396721612209   6.946121781362742E-001
        1.526365376647487        2.356997521799333        1.797427136695873
        1.522084178552713   9.668308862275210E-001   4.123883159369097E-001
        1.805121479464779        1.243575255070132   4.180293083583949E-001
        2.081011008457718        1.522607382824667   4.175437042642479E-001
   6.912695814725121E-001   9.720408550332470E-001   6.948946533873159E-001
   6.927832009274688E-001        1.247460479587801   4.153797158423871E-001
   9.680800102865360E-001   9.688099591169948E-001   4.133693480056279E-001
        1.247225283216033   6.927516710088671E-001   4.092125640409737E-001
   9.681297368445720E-001   6.901562762393592E-001   6.911637295438462E-001
   6.910894076606547E-001   6.885815532484092E-001   9.723000474846346E-001
   4.156116012675860E-001        1.243862527814491        1.247872716287664
   4.160383930141627E-001        1.528616350431554   9.709382163107436E-001
   4.180216851308951E-001        1.800405207755068        1.245129677854755
   4.171348389553612E-001        1.525744902536238        1.526604548008190
   4.199696574927768E-001        1.246914700244294        1.801972136626118
   4.153583510140586E-001   9.693928475973797E-001        1.520983426913760
   4.161100597373444E-001   6.962315731084723E-001        1.248197789854818
   4.161986039165504E-001   9.693482916452285E-001   9.698222044718911E-001
   4.176510421274033E-001        1.245836562565916   6.943395146897131E-001
   4.129510537928240E-001        1.527470597538770   4.177889777132059E-001
   4.143157774242485E-001        1.800566456000914   6.946099758335608E-001
   4.172211107674259E-001        2.079844819152579   9.707280775745693E-001
   6.946403948772586E-001        2.078480904326608        1.798341752722003
   9.695229028107286E-001        2.352317263135240        1.801916143352516
   6.953605690205178E-001        2.353338713309476        1.521739782704405
   4.186173703208851E-001        2.353947050463565        1.245407278460753
   4.219367067932932E-001        2.079830578487416        1.524381427039794
   4.136626895950233E-001        1.804108991458515        1.800833002579102
   4.142813794897388E-001        1.525810572058958        2.085172166567923
   6.944415289513645E-001        1.804025302345973        2.077563696842780
   9.722594306303580E-001        2.077450581166887        2.077965168165790
        1.248531875725463        2.351036606510026        2.080510396427587
        2.079469152028715        2.083237613606377        2.078887711403547
        2.083125954148078        2.356805059741368        1.801574238660913
        1.800127792511619        2.357226545696058        2.084094225143652
        1.526840304274833        1.799956199635183        2.358036734605641
        1.244893986251017        1.522297405261854        2.358009156287562
   9.755994093514088E-001        1.802253821913665        2.356369025057188
        1.244734048893050        2.082294580879723        2.353358703873198
        1.522347564148306        2.358175826050481        2.353181567210822
        1.803145168172073        2.081267206160729        2.354396486834618
        2.075721567445448        1.798051128387729        2.353624901254294
        1.802885164648350        1.524368795932791        2.356618252348653
        1.526309387471701        1.249377080466772        2.358695106307515
        1.249508109010791   9.676386235317044E-001        2.358594201396307
   9.731930624696323E-001        1.249754462478686        2.353749925614431
   6.880580191748552E-001        1.525218233346508        2.356171234811415
        2.079228559654385   9.746664199003123E-001        2.079629984967281
        2.076095908673151        1.250387783031834        2.353685466177503
        1.803032035967775   9.697632049830811E-001        2.357121649265370
        1.525280557906270   6.925787874494583E-001        2.356416573901136
        1.801646871002506   6.890671258570948E-001        2.082273908629594
        2.081731184446769   6.903592426224178E-001        1.800524498917841
        2.357246671593861        1.247756122135057        1.520917564664747
        2.358654813466653        1.526360942423503        1.799825921098454
        2.361116227307843        1.801774331760154        1.525404863899379
        2.358634827453112        1.522552246146871        1.249635482009437
        2.358672674653514        1.245568352354457   9.688298996213627E-001
        2.359015525889456   9.711438777743157E-001        1.248941085309026
        2.359488134413873   6.939535122046662E-001        1.526927145117073
        2.354825733347450   9.674883007704003E-001        1.804781877467293
        2.353565884703664        1.245179581384627        2.081782695403963
        2.355950007173336        1.524224000399972        2.351939410578854
        2.358327222064852        1.799791556979449        2.080795246390715
        2.355933189164647        2.083706553177103        1.802123058622953
        2.358044573660016        2.358653990668851        1.526493021369864
        2.357868635052702        2.077232940606703        1.249929404535292
        2.356171628629169        1.801581903347924   9.699709675708729E-001
        2.358267619138222        1.523649206229686   6.903928146747949E-001
        2.076664039845076   6.909225049017815E-001   6.911027777872326E-001
        1.804242470341632   6.915822867846008E-001   4.128739570046683E-001
        2.072300637769369   9.700585749788389E-001   4.154032563350588E-001
        2.357743064687734        1.249722998255288   4.173205295717711E-001
        2.356427693583759   9.732196158955810E-001   6.929660545186249E-001
        2.359435621852861   6.897119328792060E-001   9.733844719742829E-001
        1.528279654003656   4.161276316985110E-001        1.524707386712865
        1.804291951272961   4.184234098488111E-001        1.248933055466903
        1.523094342697712   4.139582218614010E-001   9.677750115116122E-001
        1.246982186320494   4.162653294630453E-001        1.247488530097296
   9.679314530941486E-001   4.143227721814360E-001        1.526084476356969
        1.245602031166376   4.139334007145750E-001        1.800003097369180
        1.528519034759792   4.174227873010616E-001        2.083000260089877
        1.800501322589938   4.181957695984226E-001        1.800959725649697
        2.077459230340107   4.146830393498457E-001        1.526704799494065
        2.356480199735419   4.164160822894965E-001        1.241711141459073
        2.079882993069818   4.163732893145205E-001   9.756162715579242E-001
        1.804257747043967   4.184422480828572E-001   6.901560397686040E-001
        1.527145658664682   4.176507799395713E-001   4.137114175419980E-001
        1.249246857081829   4.137804954236390E-001   6.946123339026588E-001
   9.662125013276658E-001   4.199521882367853E-001   9.736657630553262E-001
   6.983726267799986E-001   4.176075709254198E-001        1.246884360744006
   6.936568833053075E-001   6.926239203710901E-001        2.078814632751867
   4.176964937063638E-001   9.720880560852565E-001        2.080095961181272
   4.181213914990777E-001   6.906346720853004E-001        1.803493254054310
   4.166195363748229E-001   4.161410494103864E-001        1.524545768857485
   6.946866430448162E-001   4.181266786462764E-001        1.804367635800839
   9.652078165907657E-001   4.161599200419986E-001        2.079229825586724
        1.249208323779138   4.171755701116692E-001        2.358231136216751
   9.710001232360253E-001   6.877420876523557E-001        2.355516268607613
   6.896339361607657E-001   9.701970426892067E-001        2.356382586352984
   4.175642394451610E-001        1.246101935277908        2.354622664404477
        1.106404054845155        2.492839133447629        1.106012595349247
        1.385733506829547        2.489824662800380   8.322478361097979E-001
        1.663425897752446        2.490235178068431        1.108206763118993
        1.388304285388393        2.491942318646239        1.383727495738926
        1.108761483136777        2.493966368194140        1.663257092577279
   8.291533452438842E-001        2.492845549112642        1.383317852947307
   8.311244594938069E-001        2.224553099371139   5.554433039885205E-001
   5.544653848875498E-001        1.940549370314117   5.517720261005227E-001
   5.512004774448945E-001        2.220921467300500   8.341020130069823E-001
   5.569226754853884E-001        2.498352311360476        1.105886152087751
   8.316393988752144E-001        2.495901644363732   8.311885251770028E-001
        1.107814496396857        2.490560863094004   5.555089811071340E-001
        1.388468381894829        1.942427131881224   2.793992478992508E-001
        1.111398660328140        1.660061691609070   2.732107181726707E-001
        1.384043171226217        1.387759606080348   2.756850676182278E-001
        1.665011298786856        1.665481627573201   2.793992465057069E-001
        1.941728950006746        2.218961085715296   5.530852393091159E-001
        1.940095313379686        1.940551042837516   2.775471075221225E-001
        1.667307352301702        2.215801475173459   2.790800385730109E-001
        1.383889460484999        2.493121887880104   2.793995247512176E-001
        1.110721171233865        2.220139218946957   2.796262779395510E-001
        1.663814506864468        2.489926894609707   5.542353942005499E-001
   8.281424738034298E-001        1.940668558007072   2.774447048072130E-001
        1.943502065194416        2.492869282134373   8.336035848420779E-001
   5.522891784838906E-001        1.664976760847045   2.792246447065095E-001
   8.319994529732475E-001        1.382754626735375   2.773754683318763E-001
        1.108601967596302        1.108820688788973   2.738897746046077E-001
        2.213696520156336        2.494858770620410        1.109279020910335
        1.941797473465311        2.494519750723431        1.389717954130670
        2.215301152366102        2.220885136669049   8.281985024868862E-001
        1.666300920900603        2.493799261298118        1.664892584676136
        2.217411068028163        1.940401791532886   5.511471135524713E-001
        1.386136945643422        2.490263001664699        1.940142367371548
        1.382636188810410   8.336377195431126E-001   2.769739762021531E-001
        1.664962178029590        1.106596942695395   2.791898063856019E-001
        1.942511505599742        1.383839134378000   2.796013297030265E-001
        2.215978089947004        1.664631557843550   2.792261511755629E-001
   5.526761780077009E-001   8.300621560474790E-001   5.563854149147238E-001
   5.560926094970609E-001        1.110508794557436   2.754519677827536E-001
   8.280000261661364E-001   8.335638962004255E-001   2.735806329524770E-001
        1.110637901919766   5.507644060456386E-001   2.785151165383129E-001
   8.307479641210100E-001   5.480231347660709E-001   5.535492046670530E-001
   5.564533234819901E-001   5.563089465256476E-001   8.285636647361018E-001
   2.742827600850224E-001        1.386003083747987        1.386231520741351
   2.768983586170329E-001        1.108005438848555        1.108224403499708
   2.777065204841861E-001        1.386279575632403   8.318617954694357E-001
   2.738002896933265E-001        1.660912197444159        1.111830993832511
   2.784705155537874E-001        1.943909226827638        1.385967357788627
   2.740370678278076E-001        1.660703163113872        1.666097484232510
   2.799030824944137E-001        1.387796353023564        1.939190320258549
   2.798554509804955E-001        1.110460018785994        1.661166499175995
   2.759327961623046E-001   8.314028831343607E-001        1.390809351802577
   2.756965838311166E-001   5.530621960472495E-001        1.110842338809253
   2.799272385107003E-001   8.287466437657872E-001   8.287608328057943E-001
   2.756365829763214E-001        1.110585265928316   5.528267986028278E-001
   2.788374730855179E-001        1.384663067011916   2.792472796470179E-001
   2.754960580173574E-001        1.664415973702530   5.502277351415916E-001
   2.800019345362518E-001        1.943645593920578   8.349744922243013E-001
   2.772203186366931E-001        2.211877050532246        1.108552799362239
   5.549889368635029E-001        2.217102357131322        1.939780047450168
   8.300749238183629E-001        2.496175929259140        1.941955145394634
   5.550889446528197E-001        2.494137091572278        1.662530196007797
   2.794723728948655E-001        2.496115624861258        1.387307278090798
   2.815029384152122E-001        2.217310957696963        1.662856820177838
   2.767608703731581E-001        1.940885040558936        1.946212479882570
   2.761097754239069E-001        1.664310756368851        2.219148821740419
   5.528472135462162E-001        1.942181232463495        2.219200447681128
   8.302871657245566E-001        2.218980866451933        2.218998545981622
        1.107488786891919        2.492388641770985        2.215674519958693
        1.938537529161057        2.221332558236717        2.215570499664413
        2.215410296541864        1.938362222364927        2.219151360168233
        2.223454889651297        2.219226876977954        1.941164752987046
        2.218207360079894        2.501269209754869        1.663050701233123
        1.936942748310362        2.494319328594922        1.940972508392396
        1.665111977868736        2.493736138028667        2.221111174811420
        1.385508877743667        1.944464816789784        2.494051703580096
        1.669685445992181        1.662335979423898        2.495559884470146
        1.383112460010716        1.383344244648535        2.498321373485204
        1.104251517983059        1.662563146252051        2.495976127115256
   8.340751804748972E-001        1.941833421372936        2.492816287077043
        1.105487697762244        2.215552230596961        2.492254263695306
        1.391059628105353        2.495282517988157        2.494849890047966
        1.661005599815695        2.220029291481722        2.495691195145476
        1.940346502639709        1.936736474219270        2.494211238668586
        2.217483566298063        1.666325723640519        2.494042249183940
        1.937255941303612        1.383814470548597        2.492444925905993
        1.663662335518578        1.108602806384881        2.500655820148920
        1.387471518654331   8.356433525830908E-001        2.496150577736861
        1.110942810177969        1.110530442602371        2.492825638764508
   8.330173976675867E-001        1.388099285538039        2.492388295594351
   5.531489490591228E-001        1.664087438382912        2.490171830717294
        2.215660470644231   8.305473259772062E-001        2.215670600764412
        2.213420726948820        1.109570555109640        2.494103979249825
        1.943379112380502   8.286956492445671E-001        2.497776093306742
        1.666049655218780   5.515953853353678E-001        2.497647988939004
        1.941025080392264   5.534230051092048E-001        2.218586461971077
        2.215632845546961   5.564182943149958E-001        1.943503559887098
        2.501802666061888        1.385721303327830        1.386152385129753
        2.495966801162252        1.110289804758438        1.665116510585952
        2.495875242804452        1.383818542386298        1.942654261507459
        2.496967539931113        1.663181311615023        1.657805336062719
        2.494082517130110        1.937569124028977        1.388939525104124
        2.494839782170445        1.663005896251761        1.109034879476579
        2.495421651008246        1.386000930464928   8.312729257591510E-001
        2.501114432191764        1.108732196820900        1.108882101333318
        2.495901073603890   8.263325506875561E-001        1.386312445336850
        2.498363697023248   5.567436387235846E-001        1.661257183068647
        2.497872545197799   8.283879532562648E-001        1.943668398633979
        2.494982717001094        1.108253250231419        2.212741387065185
        2.496353835491585        1.388006312935927        2.496164831393416
        2.498904579400810        1.660054300677802        2.215039393271472
        2.494504327402045        1.944445130174532        1.940314593282827
        2.493078156614523        2.215946484069703        1.665574196110603
        2.500684209275764        2.495206667282901        1.385871991500034
        2.496548464939389        2.219165201310150        1.110841613258951
        2.496602812048696        1.938665479460501   8.298496331240903E-001
        2.498009219988144        1.666234632587665   5.512236791235508E-001
        2.216739950287456   8.321497169927682E-001   5.507709238076319E-001
        2.219269983496379   5.523955023796860E-001   8.342487772225139E-001
        1.936057431138536   5.545730200998700E-001   5.521211132575555E-001
        1.669476694970339   5.547445050927611E-001   2.758017016925512E-001
        1.936974543496403   8.337292430216311E-001   2.782544462785238E-001
        2.213672971082473        1.108834341850445   2.779832110788654E-001
        2.497961867730131        1.389170282325963   2.798028840339071E-001
        2.495528323786913        1.109410778956130   5.541862283237447E-001
        2.496408182639026   8.298080461548487E-001   8.335787223071423E-001
        2.494648647028388   5.564523671704020E-001        1.111759837223012
        1.384641239134658   2.757312278433428E-001        1.387992250823495
        1.663738234925672   2.767981131356743E-001        1.663566389413991
        1.940513105481937   2.769351686024046E-001        1.386261832581200
        1.663508394839717   2.777388908495860E-001        1.109041246532750
        1.388772306755566   2.727928878427576E-001   8.287919618233489E-001
        1.106528048895114   2.795077727840135E-001        1.107066026584030
   8.295512954512588E-001   2.790936666188823E-001        1.383641733768856
        1.110812149571966   2.734168411945969E-001        1.659875967474806
        1.388418384725258   2.797157259008787E-001        1.942827701338327
        1.664130588229776   2.767528560503232E-001        2.218541493852702
        1.941785328588400   2.758869863840724E-001        1.941798513160839
        2.214975829232410   2.741625124195606E-001        1.666306699523238
        2.496191595294727   2.793069820632525E-001        1.383504213639903
        2.220480039287627   2.784206336638219E-001        1.106155891146048
        1.940873160225386   2.815122417642175E-001   8.320191666886067E-001
        1.665318078182901   2.760216870009927E-001   5.558603135575483E-001
        1.382782667768171   2.774225846288738E-001   2.772218376433264E-001
        1.109009573282357   2.771950277499383E-001   5.511161261374400E-001
   8.315658418234470E-001   2.811728068204824E-001   8.320709003783644E-001
   5.570038012324521E-001   2.794490179823661E-001        1.110951011905391
   5.549976746730847E-001   5.487409639294015E-001        1.941929799089886
   8.351174581883233E-001   5.539676247792696E-001        2.217724472725324
   5.541784526748795E-001   8.309575102970415E-001        2.217306630956410
   2.770406881136042E-001        1.108832424379869        2.217608331138750
   2.761026645726726E-001   8.299870185190632E-001        1.942501512749219
   2.774493076138519E-001   5.543873565655628E-001        1.659924862444179
   2.772595337643543E-001   2.807157114089253E-001        1.386053725611924
   5.533575743800456E-001   2.795662653517274E-001        1.665612095742180
   8.309492817117062E-001   2.818634242998733E-001        1.940251307326526
        1.104974061107107   2.779589588660825E-001        2.217692957883087
        1.389082229343822   2.743172710418089E-001        2.497906950187058
        1.104055101114142   5.534377178266102E-001        2.495929909624648
   8.334332625043643E-001   8.292362648503926E-001        2.492455774719455
   5.512983360147459E-001        1.106231061677063        2.498196280034085
   2.758398390909022E-001        1.387406320379621        2.492692656181432
        1.247422332552316        2.633447360140389        1.247422475311963
   9.702173982094217E-001        2.633447339415761   9.702174509251238E-001
        1.247422384360003        2.633447374553957   6.930124823638920E-001
        1.524627315851391        2.633447457789675   9.702175461867681E-001
        1.801832286480441        2.633447463514180        1.247422552250386
        1.524627239157519        2.633447435401396        1.524627478852174
        1.247422293583717        2.633447379403354        1.801832465699996
   9.702174271975710E-001        2.633447432593131        1.524627352825940
   6.930124522594611E-001        2.633447402140631        1.247422355159992
   6.930125219762908E-001        2.356242393137665   4.158074658710083E-001
   4.158075646163065E-001        2.079037347990624   4.158073764575458E-001
   4.158074744345434E-001        2.356242320969169   6.930124384429839E-001
   4.158074376598497E-001        2.633447315137051   9.702173553323290E-001
   6.930125268937720E-001        2.633447402149198   6.930124666059154E-001
   9.702175322581448E-001        2.633447387562472   4.158074777850036E-001
        1.524627592918789        1.801832491988195   1.386025893169269E-001
        1.247422523546748        2.079037394661980   1.386025291497011E-001
   9.702176109892391E-001        1.801832361141494   1.386025265490778E-001
        1.247422691604681        1.524627486953585   1.386025204896340E-001
        1.524627762813308        1.247422536959482   1.386025734809089E-001
        1.801832628450812        1.524627597386402   1.386026083102943E-001
        1.801832402712400        2.356242506400077   4.158074853265155E-001
        2.079037309361180        2.356242657303995   6.930125580933215E-001
        2.079037474202843        2.079037589568952   4.158076298480968E-001
        2.079037562966744        1.801832569051194   1.386026814740105E-001
        1.801832442303272        2.079037423918176   1.386025207984023E-001
        1.524627351968088        2.356242380140095   1.386024719136534E-001
        1.247422326739701        2.633447349795328   1.386025012512064E-001
        1.524627184825015        2.633447551633267   4.158076175193362E-001
   9.702174856506625E-001        2.356242203200014   1.386024272844570E-001
        1.801832129312367        2.633447661015228   6.930126972955257E-001
   6.930125496835886E-001        2.079037165792320   1.386024091858793E-001
        2.079037185756867        2.633447632182739   9.702176869091640E-001
   4.158075104496817E-001        1.801832248102905   1.386024876170227E-001
   6.930127015420430E-001        1.524627433001103   1.386023862373167E-001
   9.702177650049541E-001        1.247422524371744   1.386023808004686E-001
        1.247422693593476   9.702175154171432E-001   1.386024693147263E-001
        2.356242268196074        2.633447588766202        1.247422535836855
        2.356242465087847        2.356242406049285   9.702177312428875E-001
        2.079037135642745        2.633447667825947        1.524627425235714
        2.356242591917387        2.079037413744494   6.930128291881632E-001
        1.801832035721517        2.633447601950950        1.801832413113675
        2.356242663585328        1.801832404040288   4.158078190641383E-001
        1.524627068783941        2.633447467920487        2.079037455250423
        1.524627725274826   6.930124840424484E-001   1.386026274790804E-001
        1.801832593866793   9.702175778362557E-001   1.386025879537043E-001
        2.079037576351281        1.247422581082506   1.386026188385030E-001
        2.356242548136208        1.524627402015219   1.386026994584995E-001
   6.930127334181855E-001   6.930124639190129E-001   4.158073689871505E-001
   4.158077747412123E-001   6.930122965756606E-001   6.930123737113216E-001
   4.158076608551096E-001   9.702173796775085E-001   4.158074768473414E-001
   4.158076117602242E-001        1.247422373482879   1.386025204831027E-001
   6.930127416594533E-001   9.702175348540579E-001   1.386024227983003E-001
   9.702177904714392E-001   6.930125902918523E-001   1.386024032630902E-001
        1.247422868395669   4.158075979813382E-001   1.386024623146001E-001
   9.702179382570432E-001   4.158073768260837E-001   4.158075402601795E-001
   6.930129243401643E-001   4.158072853435226E-001   6.930125537039930E-001
   4.158078194335001E-001   4.158073032160213E-001   9.702175600754567E-001
   1.386025803299043E-001        1.524627338444938        1.247422489465771
   1.386025877510635E-001        1.247422294456676        1.524627418333955
   1.386026614667844E-001   9.702173369779120E-001        1.247422378511324
   1.386025727048084E-001        1.247422431257120   9.702174955871097E-001
   1.386025012934113E-001        1.524627408702280   6.930125402844782E-001
   1.386024747131903E-001        1.801832346643746   9.702175868829490E-001
   1.386025129636845E-001        2.079037352398745        1.247422608940535
   1.386024641360758E-001        1.801832211792145        1.524627463155072
   1.386025080681037E-001        1.524627160580456        1.801832399222624
   1.386025496343701E-001        1.247422319279265        2.079037368941841
   1.386025096801213E-001   9.702174011676161E-001        1.801832274495975
   1.386026054963552E-001   6.930123828366011E-001        1.524627238915796
   1.386027169568932E-001   4.158073676768774E-001        1.247422415154026
   1.386025217211060E-001   6.930125122807138E-001   9.702175777535325E-001
   1.386024394926060E-001   9.702176037648149E-001   6.930126435643256E-001
   1.386024313192200E-001        1.247422519473675   4.158075985880596E-001
   1.386025961583401E-001        1.524627542481317   1.386024922428129E-001
   1.386024816019804E-001        1.801832389462313   4.158076292327535E-001
   1.386024428128162E-001        2.079037336996109   6.930126346121847E-001
   1.386025192636574E-001        2.356242373348740   9.702175564432838E-001
   4.158074296095600E-001        2.356242361316938        1.801832436044489
   4.158072878726640E-001        2.079037309344939        2.079037343023300
   6.930123434829798E-001        2.356242229250112        2.079037497342405
   9.702172350556224E-001        2.633447217839292        2.079037647137003
   6.930123955381415E-001        2.633447320164692        1.801832488372192
   4.158074801868142E-001        2.633447360001862        1.524627515649097
   1.386025182135807E-001        2.633447401183943        1.247422515577625
   1.386023625244799E-001        2.356242243820882        1.524627342402726
   1.386023277402783E-001        2.079037140390781        1.801832261086582
   1.386023688434168E-001        1.801832167183503        2.079037289295871
   1.386024093926541E-001        1.524627300094280        2.356242305060825
   4.158075254802041E-001        1.801832168975401        2.356242527328194
   6.930125837257323E-001        2.079037143882384        2.356242618075424
   9.702176723428128E-001        2.356242182846363        2.356242584770686
        1.247422328993971        2.633447286663180        2.356242548171589
        2.079037423200099        2.356242393137665        2.356242479305383
        2.356242380560084        2.079037347990623        2.356242568718845
        2.356242470741847        2.356242320969169        2.079037506733407
        2.356242507516541        2.633447315137051        1.801832589844062
        2.079037418282619        2.633447402149199        2.079037478570475
        1.801832412918246        2.633447387562471        2.356242467391387
        1.247422352257602        1.801832491988195        2.633447355859464
        1.524627421629642        2.079037394661980        2.633447416026690
        1.801832334187152        1.801832361141494        2.633447418627313
        1.524627253571710        1.524627486953585        2.633447424686757
        1.247422182363082        1.247422536959482        2.633447371695482
   9.702173167255787E-001        1.524627597386402        2.633447336866097
   6.930123822096471E-001        1.801832569051194        2.633447263702380
   9.702175028731188E-001        2.079037423918176        2.633447424377989
        1.247422593208303        2.356242380140094        2.633447473262738
        1.524627618436690        2.633447349795328        2.633447443925185
        1.801832459525728        2.356242203200014        2.633447517891934
        2.079037395492802        2.079037165792320        2.633447535990512
        2.356242434726709        1.801832248102905        2.633447457559369
        2.079037243634347        1.524627433001103        2.633447558939074
        1.801832180171437        1.247422524371744        2.633447564375922
        1.524627251582915   9.702175154171432E-001        2.633447475861665
        1.247422219901565   6.930124840424482E-001        2.633447317697311
   9.702173513095971E-001   9.702175778362557E-001        2.633447357222686
   6.930123688251098E-001        1.247422581082507        2.633447326337888
   4.158073970401827E-001        1.524627402015219        2.633447245717892
        2.079037211758205   6.930124639190129E-001        2.356242576189240
        2.356242170435178   6.930122965756606E-001        2.079037571465070
        2.356242284321281   9.702173796775085E-001        2.356242468329049
        2.356242333416166        1.247422373482879        2.633447424693288
        2.079037203516938   9.702175348540580E-001        2.633447522378090
        1.801832154704951   6.930125902918524E-001        2.633447541913301
        1.524627076780722   4.158075979813382E-001        2.633447482861791
        1.801832006919347   4.158073768260837E-001        2.356242404916212
        2.079037020836227   4.158072853435226E-001        2.079037391472398
        2.356242125742891   4.158073032160212E-001        1.801832385100934
        2.633447364846486        1.524627338444938        1.524627455710620
        2.633447357425327        1.247422294456676        1.247422526842436
        2.633447283709606   9.702173369779119E-001        1.524627566665067
        2.633447372471582        1.247422431257120        1.801832449589281
        2.633447443882980        1.524627408702280        2.079037404891913
        2.633447470463200        1.801832346643746        1.801832358293442
        2.633447432212706        2.079037352398745        1.524627336235856
        2.633447481040315        1.801832211792145        1.247422482021319
        2.633447437108287        1.524627160580456   9.702175459537668E-001
        2.633447395542021        1.247422319279265   6.930125762345498E-001
        2.633447435496269   9.702174011676161E-001   9.702176706804156E-001
        2.633447339680035   6.930123828366008E-001        1.247422706260595
        2.633447228219497   4.158073676768773E-001        1.524627530022365
        2.633447423455285   6.930125122807138E-001        1.801832367422859
        2.633447505683785   9.702176037648149E-001        2.079037301612066
        2.633447513857171        1.247422519473675        2.356242346588331
        2.633447349018051        1.524627542481317        2.633447452933578
        2.633447463574410        1.801832389462313        2.356242315943637
        2.633447502363575        2.079037336996109        2.079037310564206
        2.633447425912733        2.356242373348740        1.801832388733107
        2.633447426962810        2.633447401183944        1.524627429598766
        2.633447582651911        2.356242243820882        1.247422602773666
        2.633447617436112        2.079037140390781   9.702176840898089E-001
        2.633447576332974        1.801832167183503   6.930126558805194E-001
        2.633447535783736        1.524627300094280   4.158076401155659E-001
        2.356242543670385   6.930125576622058E-001   4.158075763934932E-001
        2.356242634012179   4.158076332763035E-001   6.930126165617419E-001
        2.079037607396402   4.158075067953455E-001   4.158076630728629E-001
        1.801832721290903   4.158074402468077E-001   1.386026702147307E-001
        2.079037550102533   6.930125310769386E-001   1.386025891647469E-001
        2.356242494394790   9.702175248371274E-001   1.386025999569505E-001
        2.633447449411583        1.247422321916753   1.386026130646274E-001
        2.633447542248655   9.702174800343918E-001   4.158077413518370E-001
        2.633447513962221   6.930125672765347E-001   6.930128136802914E-001
        2.633447455692900   4.158075865801246E-001   9.702175495303457E-001
        1.524627502547342   1.386025835199416E-001        1.247422545020047
        1.247422570774642   1.386025627570077E-001        1.524627587220110
        1.524627585657182   1.386026122219127E-001        1.801832545675597
        1.801832499755388   1.386025713964546E-001        1.524627477453018
        2.079037461490450   1.386025577197190E-001        1.247422501989399
        1.801832420711469   1.386025224398287E-001   9.702175605690536E-001
        1.524627387236416   1.386025412080730E-001   6.930125537953590E-001
        1.247422552108469   1.386024807607486E-001   9.702176974223845E-001
   9.702176085089306E-001   1.386024694485622E-001        1.247422677539262
   6.930126447581819E-001   1.386024775461245E-001        1.524627659999869
   9.702177420437477E-001   1.386024682130990E-001        1.801832543308308
        1.247422712405436   1.386025232781365E-001        2.079037534276658
        1.524627737461009   1.386026771618517E-001        2.356242563355880
        1.801832529010223   1.386025445064168E-001        2.079037377905346
        2.079037436957048   1.386024870483784E-001        1.801832323984758
        2.356242426199348   1.386025306831807E-001        1.524627334789075
        2.633447410990603   1.386025341858400E-001        1.247422551463087
        2.356242268214013   1.386023899519630E-001   9.702176761828727E-001
        2.079037253897543   1.386023253415931E-001   6.930127019957294E-001
        1.801832282591170   1.386024095593259E-001   4.158076608942857E-001
        1.524627371388811   1.386025587386128E-001   1.386024942110329E-001
        1.247422585067731   1.386023910075502E-001   4.158077016017902E-001
   9.702176999322894E-001   1.386023188937574E-001   6.930127898240950E-001
   6.930127313918034E-001   1.386023395698692E-001   9.702177609986806E-001
   4.158076508758043E-001   1.386024283737173E-001        1.247422636151801
   4.158075349744596E-001   4.158074701451421E-001        2.079037435616408
   6.930125605449456E-001   4.158073835065226E-001        2.356242352705373
   4.158076127162547E-001   6.930124233819288E-001        2.356242462454136
   1.386026437299816E-001   9.702173773298275E-001        2.356242491540591
   1.386025396874474E-001   6.930125005455685E-001        2.079037442310413
   1.386025464826666E-001   4.158074966171775E-001        1.801832323867658
   1.386025972754008E-001   1.386025009462258E-001        1.524627536527899
   4.158077384645804E-001   1.386024053023305E-001        1.801832373879844
   6.930127463947513E-001   1.386023925898293E-001        2.079037318332368
   9.702176688490563E-001   1.386024742229677E-001        2.356242351294557
        1.247422414904765   1.386024353079555E-001        2.633447328462411
   9.702175543817571E-001   4.158075569370445E-001        2.633447458187780
   6.930126046889057E-001   6.930126074020431E-001        2.633447478175451
   4.158075268712189E-001   9.702175600284150E-001        2.633447419974814
   1.386025889710416E-001        1.247422329353565        2.633447447305973
        1.386024833398581        2.772049865833054        1.108819992265949
        1.108819808983942        2.772049858003148        1.386024939730661
   8.316148358378863E-001        2.772049783521851        1.108819916539955
        1.108819912169908        2.772049870373218   8.316150185998514E-001
        1.386024876188341        2.772049922754583   5.544100551320885E-001
        1.663229827854313        2.772049971417931   8.316150809902880E-001
        1.940434840936667        2.772049923835766        1.108820079501888
        1.663229715362393        2.772049983400755        1.386024943633570
        1.386024683612463        2.772049958166037        1.663229899944455
        1.108819764830898        2.772049919147745        1.940434877574112
   8.316148712094993E-001        2.772049927710893        1.663229787265001
   5.544098833112899E-001        2.772049855203415        1.386024805399891
   5.544099225027755E-001        2.494844828650397   5.544099379815852E-001
   8.316150095616768E-001        2.494844984671356   2.772050357240128E-001
   5.544101115854341E-001        2.217639876766445   2.772048924281452E-001
   2.772051833113413E-001        1.940434821086869   2.772048048194178E-001
   2.772049821349635E-001        2.217639717917731   5.544099027437939E-001
   2.772048926116213E-001        2.494844719851318   8.316149511945292E-001
   2.772048247207970E-001        2.772049720382448        1.108819813300416
   5.544100025980907E-001        2.772049886308572   8.316150128455475E-001
   8.316150616834056E-001        2.772049978962537   5.544100944801947E-001
        1.108820080089278        2.772049950638050   2.772050926734770E-001
        1.386025151334593        1.663229962748028   8.857721467414592E-008
        1.663230036805232        1.940435025480711   1.088707892726859E-007
        1.386025007518264        2.217639954104721   7.705071713992595E-008
        1.108820118377547        1.940434844594548  -1.382218117740308E-009
   8.316151962140941E-001        1.663229834964549  -4.391191255059823E-008
        1.108820265432752        1.386024922248435  -1.120541215371418E-009
        1.386025347974993        1.108819945631604   1.149582316006814E-007
        1.663230142650786        1.386025126298553   7.293239323580281E-008
        1.940435063331751        1.663230124392352   6.969505972342915E-008
        1.940434902209176        2.494845019947471   2.772050355963078E-001
        2.217639817627437        2.494845122307056   5.544100643937854E-001
        2.217639945481208        2.217640090007436   2.772051182715172E-001
        2.217639986185960        1.940435067445685   1.354984731083420E-007
        1.940434889256534        2.217639951293339   2.119549002976839E-008
        1.663229818946783        2.494844948479817   1.921284620287622E-008
        1.386024785926885        2.772049960565974   9.312030191388487E-008
        1.108820017125821        2.494844751308254  -6.611512315402024E-008
        1.663229669051215        2.772050115822983   2.772051844684274E-001
   8.316151720831838E-001        2.217639618502572  -1.293473192998107E-007
        1.940434658644829        2.772050183060833   5.544102562322874E-001
   5.544102077034278E-001        1.940434590237468  -1.516495002906737E-007
        2.217639741303580        2.772050091631054   8.316152226333502E-001
   2.772051478122691E-001        1.663229684564664  -8.136698537164477E-008
   5.544102803818131E-001        1.386024883914993  -1.248850693968961E-007
   8.316153369974666E-001        1.108819945608455  -1.039755612719517E-007
        1.108820221406995   8.316149249089901E-001   3.505405854475896E-008
        2.494844851220312        2.772049986219511        1.108820023602040
        2.217639669874938        2.772050173249705        1.386024837148660
        2.494844997341121        2.494844824232036   8.316151982008392E-001
        1.940434539523873        2.772050244949257        1.663229750276530
        2.494845089611130        2.217639893343344   5.544102942167486E-001
        1.663229436750704        2.772050136896419        1.940434725332034
        2.494845125233671        1.940434883876998   2.772052620098287E-001
        1.386024508603329        2.772050020913333        2.217639818794468
        1.386025282066698   5.544098749163304E-001   2.059563672940357E-007
        1.663230076330580   8.316150539360137E-001   7.512910982221399E-008
        1.940434974490721        1.108820123806788   2.596910442242972E-008
        2.217639982267262        1.386025102441449   5.901876631853043E-008
        2.494844960623436        1.663229876310157   1.140601624260995E-007
   5.544102804948353E-001   5.544099455794700E-001   2.772048559173348E-001
   2.772052809584850E-001   5.544098266528115E-001   5.544098606529380E-001
   2.772052169681641E-001   8.316149026981478E-001   2.772049198526363E-001
   2.772052253832635E-001        1.108819868145506  -5.581137307864026E-008
   5.544103345011290E-001   8.316150075876023E-001  -1.064426740082780E-007
   8.316153535242323E-001   5.544100274589872E-001  -7.844789950972597E-008
        1.108820426957538   2.772049857189926E-001   2.702511969765453E-008
   8.316154990852920E-001   2.772048203757561E-001   2.772050705985747E-001
   5.544104284130850E-001   2.772047620731032E-001   5.544100793147795E-001
   2.772052862866896E-001   2.772048444931095E-001   8.316150879943571E-001
   1.141454070997817E-007        1.386024845226997        1.108819972019346
   6.388372192914620E-008        1.663229761314709        1.386025012888376
   1.038826600126508E-007        1.386024759733491        1.663229970760727
   8.262690154801385E-008        1.108819840192049        1.386024882968439
   1.497949994840679E-007   8.316148942427044E-001        1.108819850313590
   1.077568315170900E-007        1.108819963952078   8.316149422967301E-001
   8.998780131936208E-008        1.386024908782188   5.544099942265173E-001
  -4.138760219784248E-008        1.663229762842679   8.316151049360461E-001
  -8.242959627171646E-008        1.940434745370663        1.108820124442707
  -4.383019801899250E-008        2.217639726829350        1.386025143525718
  -5.736892520061768E-008        1.940434624954502        1.663230017729820
   4.513888342909132E-008        1.663229602288966        1.940434969689189
   1.308879914722699E-007        1.386024806656738        2.217639945325236
  -9.646120829105488E-009        1.108819961116693        1.940434805763865
  -4.134718173758613E-008   8.316150263083707E-001        1.663229715241098
   6.216289195892026E-008   5.544099819964637E-001        1.386024712189269
   1.374139815469457E-007   2.772049538203112E-001        1.108819921147748
  -4.725136888089554E-009   5.544100765616152E-001   8.316150571227552E-001
  -4.671215987827206E-008   8.316151549188001E-001   5.544100814659775E-001
   3.891066146770960E-008        1.108820008568190   2.772050551023961E-001
   2.074952455168124E-007        1.386025064146054  -1.305487586922283E-007
   7.201070482414807E-010        1.663229850716355   2.772050758084741E-001
  -1.148855307857512E-007        1.940434716855819   5.544101987908774E-001
  -1.516486446744386E-007        2.217639685747037   8.316151752979615E-001
  -8.703046552300632E-008        2.494844752729107        1.108820059492160
   2.772049052719035E-001        2.494844829985725        1.940434931038895
   2.772048095300589E-001        2.217639807380327        2.217639862183988
   5.544098397368398E-001        2.494844741088312        2.217639968016596
   8.316146611425399E-001        2.772049713405079        2.217640051785506
   5.544098337386736E-001        2.772049762789169        1.940434953872146
   2.772049101992575E-001        2.772049767939356        1.663230018079446
  -8.773589000862966E-008        2.772049787208809        1.386025013192831
  -1.981210897445257E-007        2.494844660424805        1.663229866595613
  -1.733660644901185E-007        2.217639550603956        1.940434822303725
  -7.922464755257614E-008        1.940434614145965        2.217639866046334
  -1.442329497753471E-008        1.663229765404910        2.494844911967014
   2.772050682387284E-001        1.940434658052242        2.494845086053390
   5.544101200076628E-001        2.217639662735992        2.494845108767323
   8.316152170173579E-001        2.494844773393503        2.494845047353835
        1.108819823851393        2.772049873773840        2.494844964398010
        2.217640022673615        2.494844828650397        2.217640007194806
        1.940434935614714        2.494844984671356        2.494844909452378
        2.217639833590957        2.217639876766445        2.494845052748246
        2.494844761865049        1.940434821086869        2.494845140356973
        2.494844963041427        2.217639717917731        2.217640042432597
        2.494845052564769        2.494844719851318        1.940434993981862
        2.494845120455594        2.772049720382448        1.663230131875975
        2.217639942578300        2.772049886308572        1.940434932330843
        1.940434883492985        2.772049978962537        2.217639850696196
        1.663229865087113        2.772049950638051        2.494844852502914
        1.386024793841797        1.663229962748028        2.772049856599177
        1.108819908371158        1.940435025480711        2.772049836305602
        1.386024937658126        2.217639954104720        2.772049868125674
        1.663229826798844        1.940434844594548        2.772049946558609
        1.940434748962297        1.663229834964549        2.772049989088304
        1.663229679743639        1.386024922248435        2.772049946296932
        1.386024597201398        1.108819945631604        2.772049830218159
        1.108819802525605        1.386025126298552        2.772049872243998
   8.316148818446397E-001        1.663230124392352        2.772049875481331
   5.544099589904302E-001        1.940435067445685        2.772049809677918
   8.316150559198562E-001        2.217639951293339        2.772049923980901
        1.108820126229608        2.494844948479817        2.772049925963545
        1.386025159249506        2.772049960565974        2.772049852056089
        1.663229928050570        2.494844751308254        2.772050011291514
        1.940434773093207        2.217639618502572        2.772050074523710
        2.217639737472963        1.940434590237468        2.772050096825891
        2.494844797364122        1.663229684564664        2.772050026543377
        2.217639664794577        1.386024883914993        2.772050070061460
        1.940434608178924        1.108819945608455        2.772050049151952
        1.663229723769395   8.316149249089904E-001        2.772049910122332
        1.386024663109692   5.544098749163304E-001        2.772049739220024
        1.108819868845810   8.316150539360137E-001        2.772049870047281
   8.316149706856699E-001        1.108820123806788        2.772049919207286
   5.544099629091280E-001        1.386025102441449        2.772049886157625
   2.772049845529545E-001        1.663229876310157        2.772049831116228
        2.217639664681555   5.544099455794700E-001        2.494845089259056
        2.494844664217906   5.544098266528114E-001        2.217640084523453
        2.494844728208226   8.316149026981478E-001        2.494845025323754
        2.494844719793127        1.108819868145505        2.772050000987764
        2.217639610675262   8.316150075876023E-001        2.772050051619065
        1.940434591652158   5.544100274589872E-001        2.772050023624290
        1.663229518218853   2.772049857189927E-001        2.772049918151271
        1.940434446091099   2.772048203757561E-001        2.494844874577816
        2.217639516763306   2.772047620731032E-001        2.217639865861611
        2.494844658889701   2.772048444931095E-001        1.940434857182034
        2.772049831030984        1.386024845226997        1.663229973157046
        2.772049881292669        1.663229761314709        1.386024932288015
        2.772049841293731        1.386024759733491        1.108819974415664
        2.772049862549489        1.108819840192049        1.386025062207952
        2.772049795381391   8.316148942427044E-001        1.663230094862801
        2.772049837419559        1.108819963952078        1.940435002879661
        2.772049855188589        1.386024908782188        2.217639950949874
        2.772049986563993        1.663229762842679        1.940434840240345
        2.772050027605987        1.940434745370663        1.663229820733684
        2.772049989006589        2.217639726829350        1.386024801650673
        2.772050002545316        1.940434624954502        1.108819927446571
        2.772049900037507        1.663229602288966   8.316149754872018E-001
        2.772049814288399        1.386024806656738   5.544099998511549E-001
        2.772049954822512        1.108819961116693   8.316151394125260E-001
        2.772049986523572   8.316150263083705E-001        1.108820229935293
        2.772049883013499   5.544099819964639E-001        1.386025232987122
        2.772049807762409   2.772049538203111E-001        1.663230024028643
        2.772049949901528   5.544100765616153E-001        1.940434888053636
        2.772049991888550   8.316151549188001E-001        2.217639863710414
        2.772049906265729        1.108820008568190        2.494844890073995
        2.772049737681145        1.386025064146054        2.772050075725150
        2.772049944456284        1.663229850716355        2.494844869367917
        2.772050060061921        1.940434716855819        2.217639746385514
        2.772050096825035        2.217639685747037        1.940434769878429
        2.772050032206856        2.494844752729107        1.663229885684231
        2.772050032912281        2.772049787208809        1.386024931983560
        2.772050143297480        2.494844660424805        1.108820078580778
        2.772050118542455        2.217639550603956   8.316151228726657E-001
        2.772050024401038        1.940434614145965   5.544100791300576E-001
        2.772049959599686        1.663229765404910   2.772050332093767E-001
        2.217640080567225   5.544099569397991E-001   2.772051609412298E-001
        2.494844937442429   8.316150647897239E-001   2.772050040330738E-001
        2.494845107502196   5.544101935356099E-001   5.544101140687703E-001
        2.494845237694804   2.772052494936497E-001   8.316151252805903E-001
        2.217640128541497   2.772050339648637E-001   5.544102360701050E-001
        1.940435123171326   2.772049197810732E-001   2.772052707847112E-001
        1.663230301135404   2.772047854091048E-001   2.344297480583180E-007
        1.940435075169974   5.544100187677626E-001   1.025560500966805E-007
        2.217639909977747   8.316150753024262E-001   2.161989498539185E-008
        2.494844900864116        1.108820016239049   3.582765861764869E-009
        2.772049869209313        1.386024770669558  -1.814342209804920E-008
        2.772050030972304        1.108820009284116   2.772052142206558E-001
        2.772050108733341   8.316151654374600E-001   5.544103272634522E-001
        2.772050092574553   5.544102213255625E-001   8.316153622499914E-001
        2.772050058054766   2.772051995913418E-001        1.108820032787923
        1.663230041242310   1.148947084472000E-007        1.386025023432655
        1.386025001847088   4.873087218601838E-008        1.108820097000554
        1.108820025866540   7.903308104271988E-008        1.386025128516635
        1.386025114930775   6.633636869717048E-008        1.663230028967564
        1.663230101333740   8.250220001616319E-008        1.940434996193905
        1.940435046453051   9.583761435522095E-008        1.663229928154229
        2.217640033358706   1.294635586891077E-007        1.386024997869791
        1.940434915813894   2.941555032567399E-009        1.108820117230140
        1.663229891332522  -3.468340474499520E-008   8.316151470169336E-001
        1.386024849284940  -2.244059859280748E-008   5.544101665702186E-001
        1.108819994624977  -3.164399943077781E-008   8.316152848306653E-001
   8.316150543462207E-001   4.330751643762611E-009        1.108820206710802
   5.544100592575106E-001   3.781402340303048E-008        1.386025194403159
   8.316152338839724E-001  -6.403099605223837E-008        1.663230012785805
        1.108820314871933  -7.581265717828828E-008        1.940434924783544
        1.386025249867908  -6.296821185012565E-009        2.217639923804061
        1.663230273765074   1.297669112287541E-007        2.494844951976251
        1.940435096528762   3.776935788379358E-008        2.217639788976885
        2.217640016597470   2.438557559047210E-008        1.940434757588027
        2.494845024441917   1.217483367806453E-007        1.663229809426550
        2.772050013922347   1.729143911252423E-007        1.386025067501671
        2.494844830470727  -8.232266151360515E-008        1.108820268531890
        2.217639696774938  -2.131439761834507E-007   8.316153830189987E-001
        1.940434684960892  -2.668871031981915E-007   5.544103862449896E-001
        1.663229760560284  -2.118116503622292E-007   2.772053065053783E-001
        1.386024834192384  -2.315798184465164E-008   1.448339588261405E-007
        1.108820059770738  -1.409343309102141E-007   2.772052894477193E-001
   8.316151549137231E-001  -1.755606288018344E-007   5.544103651326391E-001
   5.544101578127411E-001  -1.114078074308681E-007   8.316153058287417E-001
   2.772050360470699E-001  -6.173660384891608E-009        1.108820181073766
   2.772051207345754E-001   5.544099560659319E-001        2.217640023256746
   2.772049470283183E-001   2.772050565353090E-001        1.940434958783706
   5.544100595828955E-001   2.772049065926868E-001        2.217639826797463
   8.316150471358826E-001   2.772047848404970E-001        2.494844749525988
   5.544101843949997E-001   5.544099120195323E-001        2.494844938435772
   2.772052212414345E-001   8.316149371670287E-001        2.494845035805469
   2.291489471337923E-007        1.108819820061434        2.494845115545719
   6.449303877873945E-008   8.316150224562200E-001        2.217639943090352
  -3.539358559020826E-008   5.544101359976892E-001        1.940434918808344
  -1.809965934524823E-008   2.772051219077261E-001        1.663229782880404
  -1.644797410884573E-008   1.048008374444388E-007        1.386025058847026
   2.772051981920998E-001  -8.312431973330918E-008        1.663229833936192
   5.544103232026911E-001  -1.814586098406824E-007        1.940434694182044
   8.316152808787165E-001  -2.053587293289003E-007        2.217639663264515
        1.108820175770080  -1.271608531602352E-007        2.494844726308852
        1.386024900386617  -1.896035530233192E-007        2.772049704911344
        1.108820111694498   2.772050074297582E-001        2.772049930126218
   8.316152394480556E-001   5.544101077869507E-001        2.772050048708966
   5.544102600058501E-001   8.316151465825142E-001        2.772050076421452
   2.772051634070156E-001        1.108820076808552        2.772049998193201
   1.912896702904038E-007        1.386024785566104        2.772050069311995
