           2           3           4           5
           6           7           1           8
           9          10          11           1
           1          12          13          14
          15           1          16          17
           2          18          19          20
           2          21          22          23
           2          24          25          26
           3          27          26          28
           3          29          30          31
           3          32          33          19
           4          33          34          20
           4          35          36          30
           4          21          37          38
           5          38          39          22
           5          35          29          40
           5          41          28          25
           6          42          43          44
           6          11          45          46
           6          12          47          48
           7          14          49          47
           7          15          50          51
           7          44          52          53
           8          53          54          42
           8          17          55          50
           8           9          46          56
           9          57          58          59
           9          17          60          61
          10          16          62          60
          10          13          63          64
          10          59          65          66
          11          66          67          57
          11          12          68          63
          12          69          70          71
          13          16          72          73
          13          71          74          75
          14          75          76          69
          14          15          77          72
          15          78          79          80
          16          80          81          82
          17          82          83          78
          18          24          84          85
          18          86          87          88
          18          23          89          90
          19          88          91          92
          19          26          93          84
          20          21          90          94
          20          92          95          86
          21          96          97          98
          22          25          99         100
          22          98         101         102
          23         102         103          96
          23          24         104          99
          24         105         106         107
          25         107         108         109
          26         109         110         105
          27          32          93         111
          27         112         113         110
          27          31         114         115
          28          29         115         116
          28         109         117         112
          29         118         119         120
          30          33         121         122
          30         120         123         124
          31         124         125         118
          31          32         126         121
          32          91         127         128
          33         128         129          92
          34          37          94         130
          34         129         131          95
          34          36         132         122
          35          38         133         134
          35         120         135         136
          36         136         137         123
          36          37         138         133
          37          97         139         140
          38         140         141          98
          39          41         100         142
          39         141         143         101
          39          40         144         134
          40         119         145         135
          40          41         146         116
          41         108         147         117
          42          46         148         149
          42         150         151         152
          43          48         153         154
          43         152         155         156
          43          45         157         148
          44         156         158         150
          44          47         159         153
          45          67         160         161
          45          48          68         162
          46          57         161         163
          47          69         164         165
          48          70         165         166
          49          52         159         167
          49          76         168         164
          49          51          77         169
          50          53         170         171
          50          78         172         173
          51          79         173         174
          51          52         175         170
          52         158         176         177
          53         177         178         150
          54          56         149         179
          54         178         180         151
          54          55         181         171
          55          83         182         172
          55          56          61         183
          56          58         163         184
          57         185         186         187
          58          61         188         189
          58         187         190         191
          59         191         192         185
          59          60         193         188
          60          82         194         195
          61          83         195         196
          62          65         193         197
          62          81         198         194
          62          64          73         199
          63          66         200         201
          63          71         202         203
          64          74         203         204
          64          65         205         200
          65         192         206         207
          66         207         208         185
          67         208         209         186
          67          68         210         201
          68          70         211         202
          69         212         213         214
          70         214         215         216
          71         216         217         212
          72          75         218         219
          72          80         220         221
          73          81         221         222
          73          74         223         218
          74         217         224         225
          75         225         226         212
          76         226         227         213
          76          77         228         219
          77          79         229         220
          78         230         231         232
          79         232         233         234
          80         234         235         230
          81         235         236         237
          82         237         238         230
          83         238         239         231
          84          88         240         241
          84         105         242         243
          85          89         104         244
          85         106         243         245
          85          87         246         240
          86          90         247         248
          86         249         250         251
          87         251         252         253
          87          89         254         247
          88         253         255         249
          89         103         256         257
          90          96         257         258
          91         255         259         260
          91          93         261         241
          92         260         262         249
          93         110         263         242
          94          97         258         264
          94          95         265         248
          95         262         266         250
          96         267         268         269
          97         269         270         271
          98         271         272         267
          99         102         273         274
          99         107         275         276
         100         108         276         277
         100         101         278         273
         101         272         279         280
         102         280         281         267
         103         281         282         268
         103         104         283         274
         104         106         284         275
         105         285         286         287
         106         287         288         289
         107         289         290         285
         108         290         291         292
         109         292         293         285
         110         293         294         286
         111         114         126         295
         111         127         261         296
         111         113         297         263
         112         115         298         299
         112         293         300         301
         113         301         302         294
         113         114         303         298
         114         125         304         305
         115         118         305         306
         116         119         306         307
         116         117         308         299
         117         292         309         300
         118         310         311         312
         119         312         313         314
         120         314         315         310
         121         124         316         317
         121         128         318         319
         122         129         319         320
         122         123         321         316
         123         315         322         323
         124         323         324         310
         125         324         325         311
         125         126         326         317
         126         127         327         318
         127         259         328         329
         128         329         330         260
         129         330         331         262
         130         132         138         332
         130         139         264         333
         130         131         334         265
         131         331         335         266
         131         132         336         320
         132         137         337         321
         133         136         338         339
         133         140         340         341
         134         141         341         342
         134         135         343         338
         135         314         344         345
         136         345         346         315
         137         346         347         322
         137         138         348         339
         138         139         349         340
         139         270         350         351
         140         351         352         271
         141         352         353         272
         142         144         146         354
         142         147         277         355
         142         143         356         278
         143         353         357         279
         143         144         358         342
         144         145         359         343
         145         313         360         344
         145         146         361         307
         146         147         362         308
         147         291         363         309
         148         152         364         365
         148         161         366         367
         149         163         367         368
         149         151         369         364
         150         370         371         372
         151         372         373         374
         152         374         375         370
         153         156         376         377
         153         165         378         379
         154         157         162         380
         154         166         379         381
         154         155         382         376
         155         375         383         384
         155         157         385         365
         156         384         386         370
         157         160         387         366
         158         386         388         371
         158         159         389         377
         159         164         390         378
         160         209         391         392
         160         162         210         393
         161         186         392         394
         162         166         211         395
         163         187         394         396
         164         213         397         398
         165         214         398         399
         166         215         399         400
         167         169         175         401
         167         176         389         402
         167         168         403         390
         168         227         404         397
         168         169         228         405
         169         174         229         406
         170         173         407         408
         170         177         409         410
         171         178         410         411
         171         172         412         407
         172         231         413         414
         173         232         414         415
         174         233         415         416
         174         175         417         408
         175         176         418         409
         176         388         419         420
         177         420         421         371
         178         421         422         372
         179         181         183         423
         179         184         368         424
         179         180         425         369
         180         422         426         373
         180         181         427         411
         181         182         428         412
         182         239         429         413
         182         183         196         430
         183         184         189         431
         184         190         396         432
         185         433         434         435
         186         435         436         437
         187         437         438         433
         188         191         439         440
         188         195         441         442
         189         196         442         443
         189         190         444         439
         190         438         445         446
         191         446         447         433
         192         447         448         434
         192         193         449         440
         193         194         450         441
         194         237         451         452
         195         238         452         453
         196         239         453         454
         197         199         205         455
         197         206         449         456
         197         198         457         450
         198         236         458         451
         198         199         222         459
         199         204         223         460
         200         203         461         462
         200         207         463         464
         201         208         464         465
         201         202         466         461
         202         216         467         468
         203         217         468         469
         204         224         469         470
         204         205         471         462
         205         206         472         463
         206         448         473         474
         207         474         475         434
         208         475         476         435
         209         476         477         436
         209         210         478         465
         210         211         479         466
         211         215         480         467
         212         481         482         483
         213         483         484         485
         214         485         486         481
         215         486         487         488
         216         488         489         481
         217         489         490         482
         218         221         491         492
         218         225         493         494
         219         226         494         495
         219         220         496         491
         220         234         497         498
         221         235         498         499
         222         236         499         500
         222         223         501         492
         223         224         502         493
         224         490         503         504
         225         504         505         482
         226         505         506         483
         227         506         507         484
         227         228         508         495
         228         229         509         496
         229         233         510         497
         230         511         512         513
         231         513         514         515
         232         515         516         511
         233         516         517         518
         234         518         519         511
         235         519         520         512
         236         520         521         522
         237         522         523         512
         238         523         524         513
         239         524         525         514
         240         243         526         527
         240         253         528         529
         241         255         529         530
         241         242         531         526
         242         286         532         533
         243         287         533         534
         244         246         254         535
         244         256         283         536
         244         245         284         537
         245         288         534         538
         245         246         539         527
         246         252         540         528
         247         251         541         542
         247         257         543         544
         248         258         544         545
         248         250         546         541
         249         547         548         549
         250         549         550         551
         251         551         552         547
         252         552         553         554
         252         254         555         542
         253         554         556         547
         254         256         557         543
         255         556         558         548
         256         282         559         560
         257         268         560         561
         258         269         561         562
         259         558         563         564
         259         261         565         530
         260         564         566         548
         261         263         567         531
         262         566         568         549
         263         294         569         532
         264         270         562         570
         264         265         571         545
         265         266         572         546
         266         568         573         550
         267         574         575         576
         268         576         577         578
         269         578         579         574
         270         579         580         581
         271         581         582         574
         272         582         583         575
         273         276         584         585
         273         280         586         587
         274         281         587         588
         274         275         589         584
         275         289         590         591
         276         290         591         592
         277         291         592         593
         277         278         594         585
         278         279         595         586
         279         583         596         597
         280         597         598         575
         281         598         599         576
         282         599         600         577
         282         283         601         588
         283         284         602         589
         284         288         603         590
         285         604         605         606
         286         606         607         608
         287         608         609         604
         288         609         610         611
         289         611         612         604
         290         612         613         605
         291         613         614         615
         292         615         616         605
         293         616         617         606
         294         617         618         607
         295         297         303         619
         295         304         326         620
         295         296         327         621
         296         328         565         622
         296         297         623         567
         297         302         624         569
         298         301         625         626
         298         305         627         628
         299         306         628         629
         299         300         630         625
         300         616         631         632
         301         632         633         617
         302         633         634         618
         302         303         635         626
         303         304         636         627
         304         325         637         638
         305         311         638         639
         306         312         639         640
         307         313         640         641
         307         308         642         629
         308         309         643         630
         309         615         644         631
         310         645         646         647
         311         647         648         649
         312         649         650         645
         313         650         651         652
         314         652         653         645
         315         653         654         646
         316         319         655         656
         316         323         657         658
         317         324         658         659
         317         318         660         655
         318         329         661         662
         319         330         662         663
         320         331         663         664
         320         321         665         656
         321         322         666         657
         322         654         667         668
         323         668         669         646
         324         669         670         647
         325         670         671         648
         325         326         672         659
         326         327         673         660
         327         328         674         661
         328         563         675         676
         329         676         677         564
         330         677         678         566
         331         678         679         568
         332         334         336         680
         332         337         348         681
         332         333         349         682
         333         350         570         683
         333         334         684         571
         334         335         685         572
         335         679         686         573
         335         336         687         664
         336         337         688         665
         337         347         689         666
         338         341         690         691
         338         345         692         693
         339         346         693         694
         339         340         695         690
         340         351         696         697
         341         352         697         698
         342         353         698         699
         342         343         700         691
         343         344         701         692
         344         652         702         703
         345         703         704         653
         346         704         705         654
         347         705         706         667
         347         348         707         694
         348         349         708         695
         349         350         709         696
         350         580         710         711
         351         711         712         581
         352         712         713         582
         353         713         714         583
         354         356         358         715
         354         359         361         716
         354         355         362         717
         355         363         593         718
         355         356         719         594
         356         357         720         595
         357         714         721         596
         357         358         722         699
         358         359         723         700
         359         360         724         701
         360         651         725         702
         360         361         726         641
         361         362         727         642
         362         363         728         643
         363         614         729         644
         364         367         730         731
         364         374         732         733
         365         375         733         734
         365         366         735         730
         366         392         736         737
         367         394         737         738
         368         396         738         739
         368         369         740         731
         369         373         741         732
         370         742         743         744
         371         744         745         746
         372         746         747         742
         373         747         748         749
         374         749         750         742
         375         750         751         743
         376         379         752         753
         376         384         754         755
         377         386         755         756
         377         378         757         752
         378         398         758         759
         379         399         759         760
         380         382         385         761
         380         387         393         762
         380         381         395         763
         381         400         760         764
         381         382         765         753
         382         383         766         754
         383         751         767         768
         383         385         769         734
         384         768         770         743
         385         387         771         735
         386         770         772         744
         387         391         773         736
         388         772         774         745
         388         389         775         756
         389         390         776         757
         390         397         777         758
         391         477         778         779
         391         393         478         780
         392         436         779         781
         393         395         479         782
         394         437         781         783
         395         400         480         784
         396         438         783         785
         397         484         786         787
         398         485         787         788
         399         486         788         789
         400         487         789         790
         401         403         405         791
         401         406         417         792
         401         402         418         793
         402         419         775         794
         402         403         795         776
         403         404         796         777
         404         507         797         786
         404         405         508         798
         405         406         509         799
         406         416         510         800
         407         410         801         802
         407         414         803         804
         408         415         804         805
         408         409         806         801
         409         420         807         808
         410         421         808         809
         411         422         809         810
         411         412         811         802
         412         413         812         803
         413         514         813         814
         414         515         814         815
         415         516         815         816
         416         517         816         817
         416         417         818         805
         417         418         819         806
         418         419         820         807
         419         774         821         822
         420         822         823         745
         421         823         824         746
         422         824         825         747
         423         425         427         826
         423         428         430         827
         423         424         431         828
         424         432         739         829
         424         425         830         740
         425         426         831         741
         426         825         832         748
         426         427         833         810
         427         428         834         811
         428         429         835         812
         429         525         836         813
         429         430         454         837
         430         431         443         838
         431         432         444         839
         432         445         785         840
         433         841         842         843
         434         843         844         845
         435         845         846         841
         436         846         847         848
         437         848         849         841
         438         849         850         842
         439         442         851         852
         439         446         853         854
         440         447         854         855
         440         441         856         851
         441         452         857         858
         442         453         858         859
         443         454         859         860
         443         444         861         852
         444         445         862         853
         445         850         863         864
         446         864         865         842
         447         865         866         843
         448         866         867         844
         448         449         868         855
         449         450         869         856
         450         451         870         857
         451         522         871         872
         452         523         872         873
         453         524         873         874
         454         525         874         875
         455         457         459         876
         455         460         471         877
         455         456         472         878
         456         473         868         879
         456         457         880         869
         457         458         881         870
         458         521         882         871
         458         459         500         883
         459         460         501         884
         460         470         502         885
         461         464         886         887
         461         468         888         889
         462         469         889         890
         462         463         891         886
         463         474         892         893
         464         475         893         894
         465         476         894         895
         465         466         896         887
         466         467         897         888
         467         488         898         899
         468         489         899         900
         469         490         900         901
         470         503         901         902
         470         471         903         890
         471         472         904         891
         472         473         905         892
         473         867         906         907
         474         907         908         844
         475         908         909         845
         476         909         910         846
         477         910         911         847
         477         478         912         895
         478         479         913         896
         479         480         914         897
         480         487         915         898
         481         916         917         918
         482         918         919         920
         483         920         921         916
         484         921         922         923
         485         923         924         916
         486         924         925         917
         487         925         926         927
         488         927         928         917
         489         928         929         918
         490         929         930         919
         491         494         931         932
         491         498         933         934
         492         499         934         935
         492         493         936         931
         493         504         937         938
         494         505         938         939
         495         506         939         940
         495         496         941         932
         496         497         942         933
         497         518         943         944
         498         519         944         945
         499         520         945         946
         500         521         946         947
         500         501         948         935
         501         502         949         936
         502         503         950         937
         503         930         951         952
         504         952         953         919
         505         953         954         920
         506         954         955         921
         507         955         956         922
         507         508         957         940
         508         509         958         941
         509         510         959         942
         510         517         960         943
         511         961         962         963
         512         963         964         965
         513         965         966         961
         514         966         967         968
         515         968         969         961
         516         969         970         962
         517         970         971         972
         518         972         973         962
         519         973         974         963
         520         974         975         964
         521         975         976         977
         522         977         978         964
         523         978         979         965
         524         979         980         966
         525         980         981         967
         526         529           0           0
         526         533           0           0
         527         534           0           0
         527         528           0           0
         528         554           0           0
         529         556           0           0
         530         558           0           0
         530         531           0           0
         531         532           0           0
         532         607           0           0
         533         608           0           0
         534         609           0           0
         535         537         539           0
         535         540         555           0
         535         536         557           0
         536         559         601           0
         536         537         602           0
         537         538         603           0
         538         610           0           0
         538         539           0           0
         539         540           0           0
         540         553           0           0
         541         544           0           0
         541         551           0           0
         542         552           0           0
         542         543           0           0
         543         560           0           0
         544         561           0           0
         545         562           0           0
         545         546           0           0
         546         550           0           0
         547           0           0           0
         548           0           0           0
         549           0           0           0
         550           0           0           0
         551           0           0           0
         552           0           0           0
         553           0           0           0
         553         555           0           0
         554           0           0           0
         555         557           0           0
         556           0           0           0
         557         559           0           0
         558           0           0           0
         559         600           0           0
         560         577           0           0
         561         578           0           0
         562         579           0           0
         563           0           0           0
         563         565           0           0
         564           0           0           0
         565         567           0           0
         566           0           0           0
         567         569           0           0
         568           0           0           0
         569         618           0           0
         570         580           0           0
         570         571           0           0
         571         572           0           0
         572         573           0           0
         573           0           0           0
         574           0           0           0
         575           0           0           0
         576           0           0           0
         577           0           0           0
         578           0           0           0
         579           0           0           0
         580           0           0           0
         581           0           0           0
         582           0           0           0
         583           0           0           0
         584         587           0           0
         584         591           0           0
         585         592           0           0
         585         586           0           0
         586         597           0           0
         587         598           0           0
         588         599           0           0
         588         589           0           0
         589         590           0           0
         590         611           0           0
         591         612           0           0
         592         613           0           0
         593         614           0           0
         593         594           0           0
         594         595           0           0
         595         596           0           0
         596           0           0           0
         597           0           0           0
         598           0           0           0
         599           0           0           0
         600           0           0           0
         600         601           0           0
         601         602           0           0
         602         603           0           0
         603         610           0           0
         604           0           0           0
         605           0           0           0
         606           0           0           0
         607           0           0           0
         608           0           0           0
         609           0           0           0
         610           0           0           0
         611           0           0           0
         612           0           0           0
         613           0           0           0
         614           0           0           0
         615           0           0           0
         616           0           0           0
         617           0           0           0
         618           0           0           0
         619         621         623           0
         619         624         635           0
         619         620         636           0
         620         637         672           0
         620         621         673           0
         621         622         674           0
         622         675           0           0
         622         623           0           0
         623         624           0           0
         624         634           0           0
         625         628           0           0
         625         632           0           0
         626         633           0           0
         626         627           0           0
         627         638           0           0
         628         639           0           0
         629         640           0           0
         629         630           0           0
         630         631           0           0
         631           0           0           0
         632           0           0           0
         633           0           0           0
         634           0           0           0
         634         635           0           0
         635         636           0           0
         636         637           0           0
         637         671           0           0
         638         648           0           0
         639         649           0           0
         640         650           0           0
         641         651           0           0
         641         642           0           0
         642         643           0           0
         643         644           0           0
         644           0           0           0
         645           0           0           0
         646           0           0           0
         647           0           0           0
         648           0           0           0
         649           0           0           0
         650           0           0           0
         651           0           0           0
         652           0           0           0
         653           0           0           0
         654           0           0           0
         655         658           0           0
         655         662           0           0
         656         663           0           0
         656         657           0           0
         657         668           0           0
         658         669           0           0
         659         670           0           0
         659         660           0           0
         660         661           0           0
         661         676           0           0
         662         677           0           0
         663         678           0           0
         664         679           0           0
         664         665           0           0
         665         666           0           0
         666         667           0           0
         667           0           0           0
         668           0           0           0
         669           0           0           0
         670           0           0           0
         671           0           0           0
         671         672           0           0
         672         673           0           0
         673         674           0           0
         674         675           0           0
         675           0           0           0
         676           0           0           0
         677           0           0           0
         678           0           0           0
         679           0           0           0
         680         682         684           0
         680         685         687           0
         680         681         688           0
         681         689         707           0
         681         682         708           0
         682         683         709           0
         683         710           0           0
         683         684           0           0
         684         685           0           0
         685         686           0           0
         686           0           0           0
         686         687           0           0
         687         688           0           0
         688         689           0           0
         689         706           0           0
         690         693           0           0
         690         697           0           0
         691         698           0           0
         691         692           0           0
         692         703           0           0
         693         704           0           0
         694         705           0           0
         694         695           0           0
         695         696           0           0
         696         711           0           0
         697         712           0           0
         698         713           0           0
         699         714           0           0
         699         700           0           0
         700         701           0           0
         701         702           0           0
         702           0           0           0
         703           0           0           0
         704           0           0           0
         705           0           0           0
         706           0           0           0
         706         707           0           0
         707         708           0           0
         708         709           0           0
         709         710           0           0
         710           0           0           0
         711           0           0           0
         712           0           0           0
         713           0           0           0
         714           0           0           0
         715         717         719           0
         715         720         722           0
         715         716         723           0
         716         724         726           0
         716         717         727           0
         717         718         728           0
         718         729           0           0
         718         719           0           0
         719         720           0           0
         720         721           0           0
         721           0           0           0
         721         722           0           0
         722         723           0           0
         723         724           0           0
         724         725           0           0
         725           0           0           0
         725         726           0           0
         726         727           0           0
         727         728           0           0
         728         729           0           0
         729           0           0           0
